      900
(
  289.623718    
  289.623444    
  289.623199    
  289.622925    
  289.622681    
  289.622406    
  289.622162    
  289.621887    
  289.621643    
  289.621368    
  289.621124    
  289.620850    
  289.620605    
  289.620331    
  289.620087    
  289.619812    
  289.619568    
  289.619293    
  289.619049    
  289.618774    
  289.618530    
  289.618256    
  289.618011    
  289.617737    
  289.617493    
  289.617218    
  289.616974    
  289.616699    
  289.616455    
  289.616180    
  289.623444    
  289.623169    
  289.622925    
  289.622650    
  289.622406    
  289.622131    
  289.621887    
  289.621613    
  289.621368    
  289.621094    
  289.620850    
  289.620575    
  289.620331    
  289.620056    
  289.619812    
  289.619537    
  289.619293    
  289.619019    
  289.618774    
  289.618500    
  289.618256    
  289.618011    
  289.617737    
  289.617493    
  289.617218    
  289.616974    
  289.616699    
  289.616455    
  289.616180    
  289.615936    
  289.623169    
  289.622894    
  289.622650    
  289.622375    
  289.622131    
  289.621857    
  289.621613    
  289.621338    
  289.621094    
  289.620819    
  289.620575    
  289.620331    
  289.620056    
  289.619812    
  289.619537    
  289.619293    
  289.619019    
  289.618774    
  289.618500    
  289.618256    
  289.617981    
  289.617737    
  289.617462    
  289.617218    
  289.616943    
  289.616699    
  289.616425    
  289.616180    
  289.615906    
  289.615662    
  289.622894    
  289.622650    
  289.622375    
  289.622131    
  289.621857    
  289.621613    
  289.621338    
  289.621094    
  289.620819    
  289.620575    
  289.620300    
  289.620056    
  289.619781    
  289.619537    
  289.619263    
  289.619019    
  289.618744    
  289.618500    
  289.618225    
  289.617981    
  289.617706    
  289.617462    
  289.617188    
  289.616943    
  289.616669    
  289.616425    
  289.616150    
  289.615906    
  289.615631    
  289.615387    
  289.622620    
  289.622375    
  289.622101    
  289.621857    
  289.621582    
  289.621338    
  289.621063    
  289.620819    
  289.620544    
  289.620300    
  289.620026    
  289.619781    
  289.619507    
  289.619263    
  289.618988    
  289.618744    
  289.618469    
  289.618225    
  289.617950    
  289.617706    
  289.617432    
  289.617188    
  289.616913    
  289.616669    
  289.616394    
  289.616150    
  289.615875    
  289.615631    
  289.615356    
  289.615112    
  289.622345    
  289.622101    
  289.621826    
  289.621582    
  289.621307    
  289.621063    
  289.620789    
  289.620544    
  289.620270    
  289.620026    
  289.619751    
  289.619507    
  289.619232    
  289.618988    
  289.618713    
  289.618469    
  289.618195    
  289.617950    
  289.617676    
  289.617432    
  289.617188    
  289.616913    
  289.616669    
  289.616394    
  289.616150    
  289.615875    
  289.615631    
  289.615356    
  289.615112    
  289.614838    
  289.622070    
  289.621826    
  289.621552    
  289.621307    
  289.621033    
  289.620789    
  289.620514    
  289.620270    
  289.619995    
  289.619751    
  289.619476    
  289.619232    
  289.618988    
  289.618713    
  289.618469    
  289.618195    
  289.617950    
  289.617676    
  289.617432    
  289.617157    
  289.616913    
  289.616638    
  289.616394    
  289.616119    
  289.615875    
  289.615601    
  289.615356    
  289.615082    
  289.614838    
  289.614563    
  289.621796    
  289.621552    
  289.621277    
  289.621033    
  289.620789    
  289.620514    
  289.620270    
  289.619995    
  289.619751    
  289.619476    
  289.619232    
  289.618958    
  289.618713    
  289.618439    
  289.618195    
  289.617920    
  289.617676    
  289.617401    
  289.617157    
  289.616882    
  289.616638    
  289.616364    
  289.616119    
  289.615845    
  289.615601    
  289.615326    
  289.615082    
  289.614807    
  289.614563    
  289.614288    
  289.621552    
  289.621277    
  289.621033    
  289.620758    
  289.620514    
  289.620239    
  289.619995    
  289.619720    
  289.619476    
  289.619202    
  289.618958    
  289.618683    
  289.618439    
  289.618164    
  289.617920    
  289.617645    
  289.617401    
  289.617126    
  289.616882    
  289.616608    
  289.616364    
  289.616089    
  289.615845    
  289.615570    
  289.615326    
  289.615051    
  289.614807    
  289.614563    
  289.614288    
  289.614044    
  289.621277    
  289.621002    
  289.620758    
  289.620483    
  289.620239    
  289.619965    
  289.619720    
  289.619446    
  289.619202    
  289.618927    
  289.618683    
  289.618408    
  289.618164    
  289.617889    
  289.617645    
  289.617371    
  289.617126    
  289.616852    
  289.616608    
  289.616364    
  289.616089    
  289.615845    
  289.615570    
  289.615326    
  289.615051    
  289.614807    
  289.614532    
  289.614288    
  289.614014    
  289.613770    
  289.621002    
  289.620728    
  289.620483    
  289.620209    
  289.619965    
  289.619690    
  289.619446    
  289.619171    
  289.618927    
  289.618652    
  289.618408    
  289.618134    
  289.617889    
  289.617645    
  289.617371    
  289.617126    
  289.616852    
  289.616608    
  289.616333    
  289.616089    
  289.615814    
  289.615570    
  289.615295    
  289.615051    
  289.614777    
  289.614532    
  289.614258    
  289.614014    
  289.613739    
  289.613495    
  289.620728    
  289.620453    
  289.620209    
  289.619934    
  289.619690    
  289.619446    
  289.619171    
  289.618927    
  289.618652    
  289.618408    
  289.618134    
  289.617889    
  289.617615    
  289.617371    
  289.617096    
  289.616852    
  289.616577    
  289.616333    
  289.616058    
  289.615814    
  289.615540    
  289.615295    
  289.615021    
  289.614777    
  289.614502    
  289.614258    
  289.613983    
  289.613739    
  289.613464    
  289.613220    
  289.620453    
  289.620209    
  289.619934    
  289.619690    
  289.619415    
  289.619171    
  289.618896    
  289.618652    
  289.618378    
  289.618134    
  289.617859    
  289.617615    
  289.617340    
  289.617096    
  289.616821    
  289.616577    
  289.616302    
  289.616058    
  289.615784    
  289.615540    
  289.615265    
  289.615021    
  289.614746    
  289.614502    
  289.614227    
  289.613983    
  289.613739    
  289.613464    
  289.613220    
  289.612946    
  289.620178    
  289.619934    
  289.619659    
  289.619415    
  289.619141    
  289.618896    
  289.618622    
  289.618378    
  289.618103    
  289.617859    
  289.617584    
  289.617340    
  289.617065    
  289.616821    
  289.616547    
  289.616302    
  289.616028    
  289.615784    
  289.615509    
  289.615265    
  289.615021    
  289.614746    
  289.614502    
  289.614227    
  289.613983    
  289.613708    
  289.613464    
  289.613190    
  289.612946    
  289.612671    
  289.619904    
  289.619659    
  289.619385    
  289.619141    
  289.618866    
  289.618622    
  289.618347    
  289.618103    
  289.617828    
  289.617584    
  289.617310    
  289.617065    
  289.616821    
  289.616547    
  289.616302    
  289.616028    
  289.615784    
  289.615509    
  289.615265    
  289.614990    
  289.614746    
  289.614471    
  289.614227    
  289.613953    
  289.613708    
  289.613434    
  289.613190    
  289.612915    
  289.612671    
  289.612396    
  289.619629    
  289.619385    
  289.619110    
  289.618866    
  289.618591    
  289.618347    
  289.618073    
  289.617828    
  289.617584    
  289.617310    
  289.617065    
  289.616791    
  289.616547    
  289.616272    
  289.616028    
  289.615753    
  289.615509    
  289.615234    
  289.614990    
  289.614716    
  289.614471    
  289.614197    
  289.613953    
  289.613678    
  289.613434    
  289.613159    
  289.612915    
  289.612640    
  289.612396    
  289.612122    
  289.619354    
  289.619110    
  289.618866    
  289.618591    
  289.618347    
  289.618073    
  289.617828    
  289.617554    
  289.617310    
  289.617035    
  289.616791    
  289.616516    
  289.616272    
  289.615997    
  289.615753    
  289.615479    
  289.615234    
  289.614960    
  289.614716    
  289.614441    
  289.614197    
  289.613922    
  289.613678    
  289.613403    
  289.613159    
  289.612915    
  289.612640    
  289.612396    
  289.612122    
  289.611877    
  289.619110    
  289.618835    
  289.618591    
  289.618317    
  289.618073    
  289.617798    
  289.617554    
  289.617279    
  289.617035    
  289.616760    
  289.616516    
  289.616241    
  289.615997    
  289.615723    
  289.615479    
  289.615204    
  289.614960    
  289.614685    
  289.614441    
  289.614197    
  289.613922    
  289.613678    
  289.613403    
  289.613159    
  289.612885    
  289.612640    
  289.612366    
  289.612122    
  289.611847    
  289.611603    
  289.618835    
  289.618561    
  289.618317    
  289.618042    
  289.617798    
  289.617523    
  289.617279    
  289.617004    
  289.616760    
  289.616486    
  289.616241    
  289.615967    
  289.615723    
  289.615479    
  289.615204    
  289.614960    
  289.614685    
  289.614441    
  289.614166    
  289.613922    
  289.613647    
  289.613403    
  289.613129    
  289.612885    
  289.612610    
  289.612366    
  289.612091    
  289.611847    
  289.611572    
  289.611328    
  289.618561    
  289.618286    
  289.618042    
  289.617767    
  289.617523    
  289.617249    
  289.617004    
  289.616730    
  289.616486    
  289.616241    
  289.615967    
  289.615723    
  289.615448    
  289.615204    
  289.614929    
  289.614685    
  289.614410    
  289.614166    
  289.613892    
  289.613647    
  289.613373    
  289.613129    
  289.612854    
  289.612610    
  289.612335    
  289.612091    
  289.611816    
  289.611572    
  289.611328    
  289.611053    
  289.618286    
  289.618011    
  289.617767    
  289.617523    
  289.617249    
  289.617004    
  289.616730    
  289.616486    
  289.616211    
  289.615967    
  289.615692    
  289.615448    
  289.615173    
  289.614929    
  289.614655    
  289.614410    
  289.614136    
  289.613892    
  289.613617    
  289.613373    
  289.613098    
  289.612854    
  289.612579    
  289.612335    
  289.612091    
  289.611816    
  289.611572    
  289.611298    
  289.611053    
  289.610779    
  289.618011    
  289.617767    
  289.617493    
  289.617249    
  289.616974    
  289.616730    
  289.616455    
  289.616211    
  289.615936    
  289.615692    
  289.615417    
  289.615173    
  289.614899    
  289.614655    
  289.614380    
  289.614136    
  289.613861    
  289.613617    
  289.613373    
  289.613098    
  289.612854    
  289.612579    
  289.612335    
  289.612061    
  289.611816    
  289.611542    
  289.611298    
  289.611023    
  289.610779    
  289.610504    
  289.617737    
  289.617493    
  289.617218    
  289.616974    
  289.616699    
  289.616455    
  289.616180    
  289.615936    
  289.615662    
  289.615417    
  289.615143    
  289.614899    
  289.614624    
  289.614380    
  289.614136    
  289.613861    
  289.613617    
  289.613342    
  289.613098    
  289.612823    
  289.612579    
  289.612305    
  289.612061    
  289.611786    
  289.611542    
  289.611267    
  289.611023    
  289.610748    
  289.610504    
  289.610229    
  289.617462    
  289.617218    
  289.616943    
  289.616699    
  289.616425    
  289.616180    
  289.615906    
  289.615662    
  289.615387    
  289.615143    
  289.614899    
  289.614624    
  289.614380    
  289.614105    
  289.613861    
  289.613586    
  289.613342    
  289.613068    
  289.612823    
  289.612549    
  289.612305    
  289.612030    
  289.611786    
  289.611511    
  289.611267    
  289.610992    
  289.610748    
  289.610504    
  289.610229    
  289.609985    
  289.617188    
  289.616943    
  289.616669    
  289.616425    
  289.616150    
  289.615906    
  289.615662    
  289.615387    
  289.615143    
  289.614868    
  289.614624    
  289.614349    
  289.614105    
  289.613831    
  289.613586    
  289.613312    
  289.613068    
  289.612793    
  289.612549    
  289.612274    
  289.612030    
  289.611755    
  289.611511    
  289.611267    
  289.610992    
  289.610748    
  289.610474    
  289.610229    
  289.609955    
  289.609711    
  289.616913    
  289.616669    
  289.616425    
  289.616150    
  289.615906    
  289.615631    
  289.615387    
  289.615112    
  289.614868    
  289.614594    
  289.614349    
  289.614075    
  289.613831    
  289.613556    
  289.613312    
  289.613037    
  289.612793    
  289.612518    
  289.612274    
  289.612030    
  289.611755    
  289.611511    
  289.611237    
  289.610992    
  289.610718    
  289.610474    
  289.610199    
  289.609955    
  289.609680    
  289.609436    
  289.616669    
  289.616394    
  289.616150    
  289.615875    
  289.615631    
  289.615356    
  289.615112    
  289.614838    
  289.614594    
  289.614319    
  289.614075    
  289.613800    
  289.613556    
  289.613281    
  289.613037    
  289.612793    
  289.612518    
  289.612274    
  289.612000    
  289.611755    
  289.611481    
  289.611237    
  289.610962    
  289.610718    
  289.610443    
  289.610199    
  289.609924    
  289.609680    
  289.609406    
  289.609161    
  289.616394    
  289.616119    
  289.615875    
  289.615601    
  289.615356    
  289.615082    
  289.614838    
  289.614563    
  289.614319    
  289.614044    
  289.613800    
  289.613556    
  289.613281    
  289.613037    
  289.612762    
  289.612518    
  289.612244    
  289.612000    
  289.611725    
  289.611481    
  289.611206    
  289.610962    
  289.610687    
  289.610443    
  289.610168    
  289.609924    
  289.609680    
  289.609406    
  289.609161    
  289.608887    
  289.616119    
  289.615845    
  289.615601    
  289.615326    
  289.615082    
  289.614807    
  289.614563    
  289.614319    
  289.614044    
  289.613800    
  289.613525    
  289.613281    
  289.613007    
  289.612762    
  289.612488    
  289.612244    
  289.611969    
  289.611725    
  289.611450    
  289.611206    
  289.610931    
  289.610687    
  289.610443    
  289.610168    
  289.609924    
  289.609650    
  289.609406    
  289.609131    
  289.608887    
  289.608612    
  289.615845    
  289.615570    
  289.615326    
  289.615082    
  289.614807    
  289.614563    
  289.614288    
  289.614044    
  289.613770    
  289.613525    
  289.613251    
  289.613007    
  289.612732    
  289.612488    
  289.612213    
  289.611969    
  289.611694    
  289.611450    
  289.611206    
  289.610931    
  289.610687    
  289.610413    
  289.610168    
  289.609894    
  289.609650    
  289.609375    
  289.609131    
  289.608856    
  289.608612    
  289.608337    
)
;


// ************************************************************************* //
