      900
(
  72550.0312    
  72550.0078    
  72549.9766    
  72549.9453    
  72549.9141    
  72549.8828    
  72549.8516    
  72549.8203    
  72549.7969    
  72549.7656    
  72549.7344    
  72549.7031    
  72549.6797    
  72549.6484    
  72549.6172    
  72549.5859    
  72549.5625    
  72549.5312    
  72549.5000    
  72549.4688    
  72549.4453    
  72549.4141    
  72549.3828    
  72549.3516    
  72549.3203    
  72549.2969    
  72549.2656    
  72549.2344    
  72549.2031    
  72549.1797    
  72550.0547    
  72550.0312    
  72550.0000    
  72549.9688    
  72549.9375    
  72549.9141    
  72549.8828    
  72549.8516    
  72549.8203    
  72549.7969    
  72549.7656    
  72549.7344    
  72549.7031    
  72549.6797    
  72549.6484    
  72549.6172    
  72549.5859    
  72549.5625    
  72549.5312    
  72549.5000    
  72549.4688    
  72549.4453    
  72549.4062    
  72549.3750    
  72549.3438    
  72549.3203    
  72549.2891    
  72549.2578    
  72549.2266    
  72549.2031    
  72550.0859    
  72550.0547    
  72550.0312    
  72550.0000    
  72549.9688    
  72549.9375    
  72549.9141    
  72549.8828    
  72549.8516    
  72549.8203    
  72549.7891    
  72549.7578    
  72549.7266    
  72549.7031    
  72549.6719    
  72549.6406    
  72549.6094    
  72549.5859    
  72549.5547    
  72549.5234    
  72549.4922    
  72549.4688    
  72549.4375    
  72549.4062    
  72549.3750    
  72549.3438    
  72549.3203    
  72549.2891    
  72549.2578    
  72549.2266    
  72550.1094    
  72550.0781    
  72550.0547    
  72550.0234    
  72549.9922    
  72549.9609    
  72549.9375    
  72549.9062    
  72549.8750    
  72549.8438    
  72549.8203    
  72549.7891    
  72549.7578    
  72549.7266    
  72549.7031    
  72549.6719    
  72549.6406    
  72549.6094    
  72549.5859    
  72549.5547    
  72549.5234    
  72549.4922    
  72549.4688    
  72549.4375    
  72549.4062    
  72549.3750    
  72549.3438    
  72549.3125    
  72549.2812    
  72549.2500    
  72550.1406    
  72550.1094    
  72550.0781    
  72550.0547    
  72550.0234    
  72549.9922    
  72549.9609    
  72549.9375    
  72549.9062    
  72549.8750    
  72549.8438    
  72549.8203    
  72549.7812    
  72549.7500    
  72549.7266    
  72549.6953    
  72549.6641    
  72549.6328    
  72549.6094    
  72549.5781    
  72549.5469    
  72549.5156    
  72549.4922    
  72549.4609    
  72549.4297    
  72549.3984    
  72549.3750    
  72549.3438    
  72549.3125    
  72549.2812    
  72550.1641    
  72550.1328    
  72550.1094    
  72550.0781    
  72550.0469    
  72550.0156    
  72549.9844    
  72549.9609    
  72549.9297    
  72549.8984    
  72549.8672    
  72549.8438    
  72549.8125    
  72549.7812    
  72549.7500    
  72549.7266    
  72549.6953    
  72549.6641    
  72549.6328    
  72549.6094    
  72549.5781    
  72549.5469    
  72549.5156    
  72549.4922    
  72549.4609    
  72549.4297    
  72549.3984    
  72549.3750    
  72549.3438    
  72549.3047    
  72550.1953    
  72550.1641    
  72550.1328    
  72550.1094    
  72550.0781    
  72550.0469    
  72550.0156    
  72549.9844    
  72549.9609    
  72549.9297    
  72549.8984    
  72549.8672    
  72549.8438    
  72549.8125    
  72549.7812    
  72549.7500    
  72549.7188    
  72549.6875    
  72549.6562    
  72549.6328    
  72549.6016    
  72549.5703    
  72549.5391    
  72549.5156    
  72549.4844    
  72549.4531    
  72549.4219    
  72549.3984    
  72549.3672    
  72549.3359    
  72550.2266    
  72550.1953    
  72550.1562    
  72550.1328    
  72550.1016    
  72550.0703    
  72550.0391    
  72550.0078    
  72549.9844    
  72549.9531    
  72549.9219    
  72549.8906    
  72549.8672    
  72549.8359    
  72549.8047    
  72549.7734    
  72549.7500    
  72549.7188    
  72549.6875    
  72549.6562    
  72549.6328    
  72549.6016    
  72549.5703    
  72549.5391    
  72549.5156    
  72549.4844    
  72549.4531    
  72549.4219    
  72549.3984    
  72549.3672    
  72550.2500    
  72550.2188    
  72550.1875    
  72550.1562    
  72550.1328    
  72550.1016    
  72550.0703    
  72550.0391    
  72550.0078    
  72549.9844    
  72549.9531    
  72549.9219    
  72549.8906    
  72549.8672    
  72549.8359    
  72549.8047    
  72549.7734    
  72549.7500    
  72549.7188    
  72549.6797    
  72549.6562    
  72549.6250    
  72549.5938    
  72549.5625    
  72549.5391    
  72549.5078    
  72549.4766    
  72549.4453    
  72549.4219    
  72549.3906    
  72550.2734    
  72550.2500    
  72550.2188    
  72550.1875    
  72550.1562    
  72550.1328    
  72550.0938    
  72550.0625    
  72550.0312    
  72550.0078    
  72549.9766    
  72549.9453    
  72549.9141    
  72549.8906    
  72549.8594    
  72549.8281    
  72549.7969    
  72549.7734    
  72549.7422    
  72549.7109    
  72549.6797    
  72549.6562    
  72549.6250    
  72549.5938    
  72549.5625    
  72549.5391    
  72549.5078    
  72549.4766    
  72549.4453    
  72549.4219    
  72550.2969    
  72550.2734    
  72550.2422    
  72550.2109    
  72550.1797    
  72550.1562    
  72550.1250    
  72550.0938    
  72550.0625    
  72550.0312    
  72550.0078    
  72549.9766    
  72549.9453    
  72549.9141    
  72549.8906    
  72549.8594    
  72549.8281    
  72549.7969    
  72549.7734    
  72549.7422    
  72549.7109    
  72549.6797    
  72549.6562    
  72549.6172    
  72549.5859    
  72549.5625    
  72549.5312    
  72549.5000    
  72549.4688    
  72549.4453    
  72550.3281    
  72550.2969    
  72550.2734    
  72550.2422    
  72550.2109    
  72550.1797    
  72550.1562    
  72550.1250    
  72550.0938    
  72550.0547    
  72550.0312    
  72550.0000    
  72549.9688    
  72549.9375    
  72549.9141    
  72549.8828    
  72549.8516    
  72549.8203    
  72549.7969    
  72549.7656    
  72549.7344    
  72549.7031    
  72549.6797    
  72549.6484    
  72549.6172    
  72549.5859    
  72549.5625    
  72549.5312    
  72549.5000    
  72549.4688    
  72550.3516    
  72550.3203    
  72550.2969    
  72550.2656    
  72550.2344    
  72550.2031    
  72550.1797    
  72550.1484    
  72550.1172    
  72550.0859    
  72550.0547    
  72550.0312    
  72550.0000    
  72549.9688    
  72549.9375    
  72549.9141    
  72549.8828    
  72549.8516    
  72549.8203    
  72549.7969    
  72549.7656    
  72549.7344    
  72549.7031    
  72549.6797    
  72549.6484    
  72549.6172    
  72549.5859    
  72549.5547    
  72549.5234    
  72549.4922    
  72550.3828    
  72550.3516    
  72550.3203    
  72550.2969    
  72550.2656    
  72550.2344    
  72550.2031    
  72550.1797    
  72550.1484    
  72550.1172    
  72550.0859    
  72550.0547    
  72550.0312    
  72549.9922    
  72549.9609    
  72549.9375    
  72549.9062    
  72549.8750    
  72549.8438    
  72549.8203    
  72549.7891    
  72549.7578    
  72549.7266    
  72549.7031    
  72549.6719    
  72549.6406    
  72549.6094    
  72549.5859    
  72549.5547    
  72549.5234    
  72550.4062    
  72550.3750    
  72550.3438    
  72550.3203    
  72550.2891    
  72550.2578    
  72550.2266    
  72550.2031    
  72550.1719    
  72550.1406    
  72550.1094    
  72550.0781    
  72550.0547    
  72550.0234    
  72549.9922    
  72549.9609    
  72549.9375    
  72549.9062    
  72549.8750    
  72549.8438    
  72549.8203    
  72549.7891    
  72549.7578    
  72549.7266    
  72549.7031    
  72549.6719    
  72549.6406    
  72549.6094    
  72549.5859    
  72549.5469    
  72550.4375    
  72550.4062    
  72550.3750    
  72550.3438    
  72550.3203    
  72550.2891    
  72550.2578    
  72550.2266    
  72550.2031    
  72550.1719    
  72550.1406    
  72550.1094    
  72550.0781    
  72550.0547    
  72550.0234    
  72549.9922    
  72549.9609    
  72549.9297    
  72549.8984    
  72549.8672    
  72549.8438    
  72549.8125    
  72549.7812    
  72549.7500    
  72549.7266    
  72549.6953    
  72549.6641    
  72549.6328    
  72549.6094    
  72549.5781    
  72550.4609    
  72550.4375    
  72550.4062    
  72550.3672    
  72550.3438    
  72550.3125    
  72550.2812    
  72550.2500    
  72550.2266    
  72550.1953    
  72550.1641    
  72550.1328    
  72550.1094    
  72550.0781    
  72550.0469    
  72550.0156    
  72549.9844    
  72549.9609    
  72549.9297    
  72549.8984    
  72549.8672    
  72549.8438    
  72549.8125    
  72549.7812    
  72549.7500    
  72549.7266    
  72549.6953    
  72549.6641    
  72549.6328    
  72549.6094    
  72550.4844    
  72550.4609    
  72550.4297    
  72550.3984    
  72550.3672    
  72550.3438    
  72550.3125    
  72550.2812    
  72550.2500    
  72550.2266    
  72550.1953    
  72550.1641    
  72550.1328    
  72550.1094    
  72550.0781    
  72550.0469    
  72550.0156    
  72549.9844    
  72549.9609    
  72549.9297    
  72549.8906    
  72549.8672    
  72549.8359    
  72549.8047    
  72549.7734    
  72549.7500    
  72549.7188    
  72549.6875    
  72549.6562    
  72549.6328    
  72550.5156    
  72550.4844    
  72550.4609    
  72550.4297    
  72550.3984    
  72550.3672    
  72550.3438    
  72550.3047    
  72550.2734    
  72550.2500    
  72550.2188    
  72550.1875    
  72550.1562    
  72550.1328    
  72550.1016    
  72550.0703    
  72550.0391    
  72550.0078    
  72549.9844    
  72549.9531    
  72549.9219    
  72549.8906    
  72549.8672    
  72549.8359    
  72549.8047    
  72549.7734    
  72549.7500    
  72549.7188    
  72549.6875    
  72549.6562    
  72550.5391    
  72550.5078    
  72550.4844    
  72550.4531    
  72550.4219    
  72550.3906    
  72550.3672    
  72550.3359    
  72550.3047    
  72550.2734    
  72550.2500    
  72550.2188    
  72550.1875    
  72550.1562    
  72550.1328    
  72550.1016    
  72550.0703    
  72550.0391    
  72550.0078    
  72549.9844    
  72549.9531    
  72549.9219    
  72549.8906    
  72549.8594    
  72549.8281    
  72549.7969    
  72549.7734    
  72549.7422    
  72549.7109    
  72549.6797    
  72550.5703    
  72550.5391    
  72550.5078    
  72550.4844    
  72550.4531    
  72550.4219    
  72550.3906    
  72550.3672    
  72550.3359    
  72550.3047    
  72550.2734    
  72550.2422    
  72550.2109    
  72550.1797    
  72550.1562    
  72550.1250    
  72550.0938    
  72550.0625    
  72550.0312    
  72550.0078    
  72549.9766    
  72549.9453    
  72549.9141    
  72549.8906    
  72549.8594    
  72549.8281    
  72549.7969    
  72549.7734    
  72549.7422    
  72549.7109    
  72550.5938    
  72550.5625    
  72550.5312    
  72550.5078    
  72550.4766    
  72550.4453    
  72550.4141    
  72550.3906    
  72550.3594    
  72550.3281    
  72550.2969    
  72550.2734    
  72550.2422    
  72550.2109    
  72550.1797    
  72550.1562    
  72550.1250    
  72550.0938    
  72550.0625    
  72550.0312    
  72550.0078    
  72549.9766    
  72549.9453    
  72549.9141    
  72549.8906    
  72549.8594    
  72549.8203    
  72549.7969    
  72549.7656    
  72549.7344    
  72550.6250    
  72550.5938    
  72550.5625    
  72550.5312    
  72550.5078    
  72550.4766    
  72550.4453    
  72550.4141    
  72550.3906    
  72550.3594    
  72550.3281    
  72550.2969    
  72550.2734    
  72550.2344    
  72550.2031    
  72550.1797    
  72550.1484    
  72550.1172    
  72550.0859    
  72550.0547    
  72550.0312    
  72550.0000    
  72549.9688    
  72549.9375    
  72549.9141    
  72549.8828    
  72549.8516    
  72549.8203    
  72549.7969    
  72549.7656    
  72550.6484    
  72550.6172    
  72550.5859    
  72550.5547    
  72550.5312    
  72550.5000    
  72550.4688    
  72550.4375    
  72550.4141    
  72550.3828    
  72550.3516    
  72550.3203    
  72550.2969    
  72550.2656    
  72550.2344    
  72550.2031    
  72550.1797    
  72550.1484    
  72550.1172    
  72550.0859    
  72550.0547    
  72550.0312    
  72550.0000    
  72549.9688    
  72549.9375    
  72549.9141    
  72549.8828    
  72549.8516    
  72549.8203    
  72549.7891    
  72550.6719    
  72550.6484    
  72550.6172    
  72550.5859    
  72550.5547    
  72550.5312    
  72550.5000    
  72550.4688    
  72550.4375    
  72550.4141    
  72550.3828    
  72550.3516    
  72550.3203    
  72550.2969    
  72550.2656    
  72550.2344    
  72550.2031    
  72550.1719    
  72550.1406    
  72550.1094    
  72550.0781    
  72550.0547    
  72550.0234    
  72549.9922    
  72549.9609    
  72549.9375    
  72549.9062    
  72549.8750    
  72549.8438    
  72549.8203    
  72550.7031    
  72550.6719    
  72550.6484    
  72550.6172    
  72550.5781    
  72550.5547    
  72550.5234    
  72550.4922    
  72550.4609    
  72550.4375    
  72550.4062    
  72550.3750    
  72550.3438    
  72550.3203    
  72550.2891    
  72550.2578    
  72550.2266    
  72550.2031    
  72550.1719    
  72550.1406    
  72550.1094    
  72550.0781    
  72550.0547    
  72550.0234    
  72549.9922    
  72549.9609    
  72549.9375    
  72549.9062    
  72549.8750    
  72549.8438    
  72550.7266    
  72550.6953    
  72550.6719    
  72550.6406    
  72550.6094    
  72550.5781    
  72550.5547    
  72550.5234    
  72550.4922    
  72550.4609    
  72550.4375    
  72550.4062    
  72550.3750    
  72550.3438    
  72550.3203    
  72550.2891    
  72550.2578    
  72550.2266    
  72550.2031    
  72550.1719    
  72550.1328    
  72550.1094    
  72550.0781    
  72550.0469    
  72550.0156    
  72549.9844    
  72549.9609    
  72549.9297    
  72549.8984    
  72549.8672    
  72550.7578    
  72550.7266    
  72550.6953    
  72550.6719    
  72550.6406    
  72550.6094    
  72550.5781    
  72550.5469    
  72550.5156    
  72550.4844    
  72550.4609    
  72550.4297    
  72550.3984    
  72550.3672    
  72550.3438    
  72550.3125    
  72550.2812    
  72550.2500    
  72550.2266    
  72550.1953    
  72550.1641    
  72550.1328    
  72550.1094    
  72550.0781    
  72550.0469    
  72550.0156    
  72549.9844    
  72549.9609    
  72549.9297    
  72549.8984    
  72550.7812    
  72550.7500    
  72550.7188    
  72550.6953    
  72550.6641    
  72550.6328    
  72550.6016    
  72550.5781    
  72550.5469    
  72550.5156    
  72550.4844    
  72550.4609    
  72550.4297    
  72550.3984    
  72550.3672    
  72550.3438    
  72550.3125    
  72550.2812    
  72550.2500    
  72550.2266    
  72550.1953    
  72550.1641    
  72550.1328    
  72550.1016    
  72550.0703    
  72550.0391    
  72550.0078    
  72549.9844    
  72549.9531    
  72549.9219    
  72550.8125    
  72550.7812    
  72550.7500    
  72550.7188    
  72550.6953    
  72550.6641    
  72550.6328    
  72550.6016    
  72550.5781    
  72550.5469    
  72550.5156    
  72550.4844    
  72550.4531    
  72550.4219    
  72550.3906    
  72550.3672    
  72550.3359    
  72550.3047    
  72550.2734    
  72550.2500    
  72550.2188    
  72550.1875    
  72550.1562    
  72550.1328    
  72550.1016    
  72550.0703    
  72550.0391    
  72550.0078    
  72549.9844    
  72549.9531    
)
;


// ************************************************************************* //
