      900
(
(   4.6130781   13.8630276   -0.0000313)
(   4.6127815   13.8626471   -0.0000313)
(   4.6124845   13.8622675   -0.0000313)
(   4.6121874   13.8618870   -0.0000314)
(   4.6118908   13.8615065   -0.0000314)
(   4.6115947   13.8611259   -0.0000315)
(   4.6112976   13.8607454   -0.0000315)
(   4.6110005   13.8603649   -0.0000315)
(   4.6107039   13.8599844   -0.0000316)
(   4.6104074   13.8596039   -0.0000316)
(   4.6101103   13.8592234   -0.0000317)
(   4.6098132   13.8588428   -0.0000317)
(   4.6095161   13.8584623   -0.0000317)
(   4.6092200   13.8580818   -0.0000318)
(   4.6089230   13.8577013   -0.0000318)
(   4.6086264   13.8573208   -0.0000318)
(   4.6083298   13.8569403   -0.0000319)
(   4.6080332   13.8565598   -0.0000319)
(   4.6077361   13.8561792   -0.0000320)
(   4.6074390   13.8557997   -0.0000320)
(   4.6071424   13.8554192   -0.0000320)
(   4.6068459   13.8550386   -0.0000321)
(   4.6065488   13.8546581   -0.0000321)
(   4.6062517   13.8542767   -0.0000322)
(   4.6059551   13.8538971   -0.0000322)
(   4.6056590   13.8535166   -0.0000322)
(   4.6053619   13.8531361   -0.0000323)
(   4.6050649   13.8527555   -0.0000323)
(   4.6047683   13.8523750   -0.0000323)
(   4.6044717   13.8519945   -0.0000324)
(   4.6129055   13.8631783   -0.0000312)
(   4.6126089   13.8627968   -0.0000313)
(   4.6123118   13.8624163   -0.0000313)
(   4.6120148   13.8620367   -0.0000313)
(   4.6117182   13.8616571   -0.0000314)
(   4.6114216   13.8612766   -0.0000314)
(   4.6111245   13.8608961   -0.0000315)
(   4.6108274   13.8605156   -0.0000315)
(   4.6105309   13.8601351   -0.0000315)
(   4.6102338   13.8597546   -0.0000316)
(   4.6099367   13.8593740   -0.0000316)
(   4.6096396   13.8589935   -0.0000317)
(   4.6093431   13.8586140   -0.0000317)
(   4.6090460   13.8582335   -0.0000317)
(   4.6087494   13.8578529   -0.0000318)
(   4.6084523   13.8574715   -0.0000318)
(   4.6081557   13.8570919   -0.0000318)
(   4.6078587   13.8567114   -0.0000319)
(   4.6075621   13.8563309   -0.0000319)
(   4.6072650   13.8559513   -0.0000320)
(   4.6069684   13.8555717   -0.0000320)
(   4.6066713   13.8551912   -0.0000320)
(   4.6063743   13.8548098   -0.0000321)
(   4.6060772   13.8544292   -0.0000321)
(   4.6057811   13.8540487   -0.0000322)
(   4.6054840   13.8536692   -0.0000322)
(   4.6051869   13.8532887   -0.0000322)
(   4.6048899   13.8529081   -0.0000323)
(   4.6045928   13.8525276   -0.0000323)
(   4.6042962   13.8521471   -0.0000323)
(   4.6127334   13.8633280   -0.0000312)
(   4.6124358   13.8629475   -0.0000312)
(   4.6121387   13.8625669   -0.0000313)
(   4.6118422   13.8621864   -0.0000313)
(   4.6115456   13.8618078   -0.0000314)
(   4.6112485   13.8614273   -0.0000314)
(   4.6109514   13.8610468   -0.0000314)
(   4.6106548   13.8606663   -0.0000315)
(   4.6103573   13.8602858   -0.0000315)
(   4.6100602   13.8599062   -0.0000315)
(   4.6097631   13.8595257   -0.0000316)
(   4.6094666   13.8591452   -0.0000316)
(   4.6091695   13.8587646   -0.0000317)
(   4.6088724   13.8583841   -0.0000317)
(   4.6085758   13.8580036   -0.0000317)
(   4.6082783   13.8576231   -0.0000318)
(   4.6079817   13.8572426   -0.0000318)
(   4.6076846   13.8568630   -0.0000319)
(   4.6073875   13.8564825   -0.0000319)
(   4.6070905   13.8561020   -0.0000319)
(   4.6067939   13.8557224   -0.0000320)
(   4.6064968   13.8553419   -0.0000320)
(   4.6061997   13.8549623   -0.0000320)
(   4.6059027   13.8545818   -0.0000321)
(   4.6056061   13.8542013   -0.0000321)
(   4.6053090   13.8538208   -0.0000322)
(   4.6050119   13.8534412   -0.0000322)
(   4.6047149   13.8530607   -0.0000322)
(   4.6044183   13.8526802   -0.0000323)
(   4.6041212   13.8522997   -0.0000323)
(   4.6125607   13.8634777   -0.0000312)
(   4.6122632   13.8630981   -0.0000312)
(   4.6119666   13.8627176   -0.0000312)
(   4.6116695   13.8623371   -0.0000313)
(   4.6113725   13.8619566   -0.0000313)
(   4.6110754   13.8615780   -0.0000314)
(   4.6107788   13.8611975   -0.0000314)
(   4.6104813   13.8608170   -0.0000314)
(   4.6101842   13.8604364   -0.0000315)
(   4.6098871   13.8600559   -0.0000315)
(   4.6095896   13.8596764   -0.0000316)
(   4.6092930   13.8592958   -0.0000316)
(   4.6089959   13.8589153   -0.0000316)
(   4.6086988   13.8585348   -0.0000317)
(   4.6084018   13.8581553   -0.0000317)
(   4.6081052   13.8577747   -0.0000317)
(   4.6078076   13.8573942   -0.0000318)
(   4.6075106   13.8570137   -0.0000318)
(   4.6072135   13.8566351   -0.0000319)
(   4.6069164   13.8562546   -0.0000319)
(   4.6066194   13.8558750   -0.0000319)
(   4.6063223   13.8554945   -0.0000320)
(   4.6060247   13.8551140   -0.0000320)
(   4.6057281   13.8547344   -0.0000321)
(   4.6054316   13.8543539   -0.0000321)
(   4.6051340   13.8539734   -0.0000321)
(   4.6048369   13.8535929   -0.0000322)
(   4.6045399   13.8532133   -0.0000322)
(   4.6042428   13.8528328   -0.0000322)
(   4.6039457   13.8524523   -0.0000323)
(   4.6123881   13.8636274   -0.0000311)
(   4.6120911   13.8632469   -0.0000312)
(   4.6117940   13.8628683   -0.0000312)
(   4.6114969   13.8624878   -0.0000312)
(   4.6111999   13.8621073   -0.0000313)
(   4.6109023   13.8617277   -0.0000313)
(   4.6106057   13.8613482   -0.0000314)
(   4.6103082   13.8609676   -0.0000314)
(   4.6100106   13.8605871   -0.0000314)
(   4.6097136   13.8602076   -0.0000315)
(   4.6094165   13.8598270   -0.0000315)
(   4.6091194   13.8594475   -0.0000316)
(   4.6088219   13.8590670   -0.0000316)
(   4.6085253   13.8586864   -0.0000316)
(   4.6082282   13.8583059   -0.0000317)
(   4.6079311   13.8579264   -0.0000317)
(   4.6076336   13.8575468   -0.0000317)
(   4.6073365   13.8571663   -0.0000318)
(   4.6070390   13.8567858   -0.0000318)
(   4.6067424   13.8564062   -0.0000319)
(   4.6064448   13.8560266   -0.0000319)
(   4.6061478   13.8556461   -0.0000319)
(   4.6058507   13.8552656   -0.0000320)
(   4.6055536   13.8548861   -0.0000320)
(   4.6052566   13.8545065   -0.0000321)
(   4.6049590   13.8541260   -0.0000321)
(   4.6046619   13.8537455   -0.0000321)
(   4.6043649   13.8533649   -0.0000322)
(   4.6040678   13.8529854   -0.0000322)
(   4.6037703   13.8526049   -0.0000322)
(   4.6122155   13.8637781   -0.0000311)
(   4.6119184   13.8633976   -0.0000311)
(   4.6116209   13.8630171   -0.0000312)
(   4.6113243   13.8626385   -0.0000312)
(   4.6110268   13.8622580   -0.0000313)
(   4.6107297   13.8618784   -0.0000313)
(   4.6104321   13.8614979   -0.0000313)
(   4.6101351   13.8611183   -0.0000314)
(   4.6098375   13.8607388   -0.0000314)
(   4.6095405   13.8603582   -0.0000314)
(   4.6092429   13.8599777   -0.0000315)
(   4.6089458   13.8595972   -0.0000315)
(   4.6086488   13.8592186   -0.0000316)
(   4.6083512   13.8588381   -0.0000316)
(   4.6080546   13.8584576   -0.0000316)
(   4.6077571   13.8580770   -0.0000317)
(   4.6074595   13.8576984   -0.0000317)
(   4.6071620   13.8573179   -0.0000318)
(   4.6068654   13.8569374   -0.0000318)
(   4.6065679   13.8565569   -0.0000318)
(   4.6062703   13.8561773   -0.0000319)
(   4.6059728   13.8557987   -0.0000319)
(   4.6056762   13.8554182   -0.0000319)
(   4.6053791   13.8550377   -0.0000320)
(   4.6050816   13.8546581   -0.0000320)
(   4.6047845   13.8542786   -0.0000321)
(   4.6044869   13.8538980   -0.0000321)
(   4.6041899   13.8535175   -0.0000321)
(   4.6038923   13.8531380   -0.0000322)
(   4.6035953   13.8527584   -0.0000322)
(   4.6120434   13.8639278   -0.0000311)
(   4.6117458   13.8635483   -0.0000311)
(   4.6114488   13.8631678   -0.0000311)
(   4.6111512   13.8627872   -0.0000312)
(   4.6108541   13.8624086   -0.0000312)
(   4.6105566   13.8620281   -0.0000313)
(   4.6102591   13.8616486   -0.0000313)
(   4.6099615   13.8612690   -0.0000313)
(   4.6096640   13.8608894   -0.0000314)
(   4.6093674   13.8605089   -0.0000314)
(   4.6090698   13.8601294   -0.0000314)
(   4.6087723   13.8597488   -0.0000315)
(   4.6084752   13.8593683   -0.0000315)
(   4.6081781   13.8589897   -0.0000316)
(   4.6078806   13.8586092   -0.0000316)
(   4.6075830   13.8582287   -0.0000316)
(   4.6072855   13.8578491   -0.0000317)
(   4.6069880   13.8574696   -0.0000317)
(   4.6066909   13.8570890   -0.0000318)
(   4.6063933   13.8567095   -0.0000318)
(   4.6060958   13.8563290   -0.0000318)
(   4.6057987   13.8559494   -0.0000319)
(   4.6055021   13.8555708   -0.0000319)
(   4.6052046   13.8551903   -0.0000319)
(   4.6049070   13.8548098   -0.0000320)
(   4.6046095   13.8544302   -0.0000320)
(   4.6043119   13.8540506   -0.0000321)
(   4.6040149   13.8536701   -0.0000321)
(   4.6037173   13.8532906   -0.0000321)
(   4.6034198   13.8529100   -0.0000322)
(   4.6118708   13.8640785   -0.0000310)
(   4.6115737   13.8636980   -0.0000311)
(   4.6112761   13.8633184   -0.0000311)
(   4.6109791   13.8629379   -0.0000311)
(   4.6106811   13.8625584   -0.0000312)
(   4.6103835   13.8621788   -0.0000312)
(   4.6100860   13.8618002   -0.0000313)
(   4.6097884   13.8614197   -0.0000313)
(   4.6094913   13.8610392   -0.0000313)
(   4.6091938   13.8606606   -0.0000314)
(   4.6088963   13.8602800   -0.0000314)
(   4.6085992   13.8599005   -0.0000315)
(   4.6083012   13.8595200   -0.0000315)
(   4.6080041   13.8591404   -0.0000315)
(   4.6077065   13.8587608   -0.0000316)
(   4.6074090   13.8583803   -0.0000316)
(   4.6071115   13.8580008   -0.0000316)
(   4.6068144   13.8576202   -0.0000317)
(   4.6065168   13.8572416   -0.0000317)
(   4.6062193   13.8568611   -0.0000318)
(   4.6059213   13.8564816   -0.0000318)
(   4.6056242   13.8561010   -0.0000318)
(   4.6053271   13.8557215   -0.0000319)
(   4.6050296   13.8553429   -0.0000319)
(   4.6047320   13.8549623   -0.0000320)
(   4.6044345   13.8545828   -0.0000320)
(   4.6041374   13.8542023   -0.0000320)
(   4.6038399   13.8538237   -0.0000321)
(   4.6035423   13.8534431   -0.0000321)
(   4.6032443   13.8530626   -0.0000321)
(   4.6116982   13.8642273   -0.0000310)
(   4.6114011   13.8638487   -0.0000310)
(   4.6111031   13.8634691   -0.0000311)
(   4.6108060   13.8630886   -0.0000311)
(   4.6105084   13.8627090   -0.0000312)
(   4.6102104   13.8623285   -0.0000312)
(   4.6099129   13.8619499   -0.0000312)
(   4.6096158   13.8615704   -0.0000313)
(   4.6093178   13.8611908   -0.0000313)
(   4.6090202   13.8608103   -0.0000313)
(   4.6087232   13.8604317   -0.0000314)
(   4.6084251   13.8600512   -0.0000314)
(   4.6081281   13.8596716   -0.0000315)
(   4.6078305   13.8592911   -0.0000315)
(   4.6075330   13.8589115   -0.0000315)
(   4.6072350   13.8585320   -0.0000316)
(   4.6069374   13.8581524   -0.0000316)
(   4.6066403   13.8577719   -0.0000316)
(   4.6063423   13.8573923   -0.0000317)
(   4.6060448   13.8570127   -0.0000317)
(   4.6057477   13.8566332   -0.0000318)
(   4.6054502   13.8562536   -0.0000318)
(   4.6051526   13.8558741   -0.0000318)
(   4.6048551   13.8554945   -0.0000319)
(   4.6045570   13.8551149   -0.0000319)
(   4.6042595   13.8547354   -0.0000320)
(   4.6039624   13.8543549   -0.0000320)
(   4.6036644   13.8539753   -0.0000320)
(   4.6033669   13.8535948   -0.0000321)
(   4.6030693   13.8532162   -0.0000321)
(   4.6115260   13.8643780   -0.0000310)
(   4.6112285   13.8639984   -0.0000310)
(   4.6109309   13.8636189   -0.0000310)
(   4.6106329   13.8632393   -0.0000311)
(   4.6103354   13.8628597   -0.0000311)
(   4.6100373   13.8624792   -0.0000312)
(   4.6097403   13.8620996   -0.0000312)
(   4.6094422   13.8617210   -0.0000312)
(   4.6091447   13.8613415   -0.0000313)
(   4.6088467   13.8609619   -0.0000313)
(   4.6085496   13.8605814   -0.0000313)
(   4.6082520   13.8602018   -0.0000314)
(   4.6079545   13.8598232   -0.0000314)
(   4.6076565   13.8594427   -0.0000315)
(   4.6073589   13.8590631   -0.0000315)
(   4.6070609   13.8586826   -0.0000315)
(   4.6067638   13.8583040   -0.0000316)
(   4.6064658   13.8579245   -0.0000316)
(   4.6061683   13.8575439   -0.0000317)
(   4.6058707   13.8571644   -0.0000317)
(   4.6055732   13.8567848   -0.0000317)
(   4.6052756   13.8564053   -0.0000318)
(   4.6049781   13.8560257   -0.0000318)
(   4.6046801   13.8556461   -0.0000318)
(   4.6043825   13.8552666   -0.0000319)
(   4.6040850   13.8548880   -0.0000319)
(   4.6037874   13.8545074   -0.0000320)
(   4.6034894   13.8541279   -0.0000320)
(   4.6031919   13.8537483   -0.0000320)
(   4.6028943   13.8533678   -0.0000321)
(   4.6113534   13.8645287   -0.0000309)
(   4.6110559   13.8641481   -0.0000310)
(   4.6107583   13.8637686   -0.0000310)
(   4.6104603   13.8633900   -0.0000310)
(   4.6101623   13.8630095   -0.0000311)
(   4.6098647   13.8626299   -0.0000311)
(   4.6095672   13.8622503   -0.0000312)
(   4.6092691   13.8618717   -0.0000312)
(   4.6089711   13.8614922   -0.0000312)
(   4.6086740   13.8611126   -0.0000313)
(   4.6083765   13.8607330   -0.0000313)
(   4.6080785   13.8603535   -0.0000314)
(   4.6077809   13.8599730   -0.0000314)
(   4.6074829   13.8595943   -0.0000314)
(   4.6071849   13.8592148   -0.0000315)
(   4.6068873   13.8588343   -0.0000315)
(   4.6065898   13.8584547   -0.0000315)
(   4.6062918   13.8580761   -0.0000316)
(   4.6059937   13.8576965   -0.0000316)
(   4.6056967   13.8573160   -0.0000317)
(   4.6053991   13.8569365   -0.0000317)
(   4.6051011   13.8565569   -0.0000317)
(   4.6048031   13.8561773   -0.0000318)
(   4.6045055   13.8557987   -0.0000318)
(   4.6042075   13.8554192   -0.0000318)
(   4.6039100   13.8550396   -0.0000319)
(   4.6036124   13.8546591   -0.0000319)
(   4.6033144   13.8542805   -0.0000320)
(   4.6030169   13.8539009   -0.0000320)
(   4.6027193   13.8535204   -0.0000320)
(   4.6111813   13.8646784   -0.0000309)
(   4.6108832   13.8642988   -0.0000309)
(   4.6105852   13.8639193   -0.0000310)
(   4.6102872   13.8635397   -0.0000310)
(   4.6099896   13.8631592   -0.0000310)
(   4.6096921   13.8627806   -0.0000311)
(   4.6093941   13.8624010   -0.0000311)
(   4.6090961   13.8620214   -0.0000312)
(   4.6087980   13.8616428   -0.0000312)
(   4.6085005   13.8612642   -0.0000312)
(   4.6082029   13.8608837   -0.0000313)
(   4.6079049   13.8605042   -0.0000313)
(   4.6076069   13.8601246   -0.0000314)
(   4.6073089   13.8597450   -0.0000314)
(   4.6070108   13.8593664   -0.0000314)
(   4.6067138   13.8589859   -0.0000315)
(   4.6064157   13.8586063   -0.0000315)
(   4.6061177   13.8582268   -0.0000315)
(   4.6058202   13.8578472   -0.0000316)
(   4.6055222   13.8574686   -0.0000316)
(   4.6052246   13.8570881   -0.0000317)
(   4.6049266   13.8567085   -0.0000317)
(   4.6046286   13.8563290   -0.0000317)
(   4.6043305   13.8559513   -0.0000318)
(   4.6040330   13.8555717   -0.0000318)
(   4.6037350   13.8551922   -0.0000319)
(   4.6034374   13.8548117   -0.0000319)
(   4.6031394   13.8544321   -0.0000319)
(   4.6028419   13.8540535   -0.0000320)
(   4.6025443   13.8536739   -0.0000320)
(   4.6110086   13.8648281   -0.0000309)
(   4.6107106   13.8644495   -0.0000309)
(   4.6104126   13.8640699   -0.0000309)
(   4.6101146   13.8636894   -0.0000310)
(   4.6098170   13.8633099   -0.0000310)
(   4.6095190   13.8629303   -0.0000311)
(   4.6092210   13.8625517   -0.0000311)
(   4.6089230   13.8621721   -0.0000311)
(   4.6086249   13.8617935   -0.0000312)
(   4.6083274   13.8614140   -0.0000312)
(   4.6080294   13.8610353   -0.0000312)
(   4.6077313   13.8606558   -0.0000313)
(   4.6074333   13.8602762   -0.0000313)
(   4.6071353   13.8598967   -0.0000314)
(   4.6068377   13.8595171   -0.0000314)
(   4.6065397   13.8591375   -0.0000314)
(   4.6062417   13.8587580   -0.0000315)
(   4.6059432   13.8583784   -0.0000315)
(   4.6056457   13.8579988   -0.0000315)
(   4.6053481   13.8576193   -0.0000316)
(   4.6050501   13.8572407   -0.0000316)
(   4.6047521   13.8568611   -0.0000317)
(   4.6044540   13.8564816   -0.0000317)
(   4.6041560   13.8561020   -0.0000317)
(   4.6038585   13.8557243   -0.0000318)
(   4.6035604   13.8553448   -0.0000318)
(   4.6032624   13.8549643   -0.0000319)
(   4.6029644   13.8545847   -0.0000319)
(   4.6026664   13.8542051   -0.0000319)
(   4.6023688   13.8538265   -0.0000320)
(   4.6108360   13.8649778   -0.0000308)
(   4.6105380   13.8645983   -0.0000309)
(   4.6102400   13.8642197   -0.0000309)
(   4.6099420   13.8638401   -0.0000309)
(   4.6096439   13.8634605   -0.0000310)
(   4.6093459   13.8630810   -0.0000310)
(   4.6090479   13.8627014   -0.0000311)
(   4.6087494   13.8623228   -0.0000311)
(   4.6084523   13.8619432   -0.0000311)
(   4.6081543   13.8615646   -0.0000312)
(   4.6078558   13.8611851   -0.0000312)
(   4.6075578   13.8608065   -0.0000312)
(   4.6072598   13.8604269   -0.0000313)
(   4.6069617   13.8600473   -0.0000313)
(   4.6066637   13.8596678   -0.0000314)
(   4.6063657   13.8592882   -0.0000314)
(   4.6060677   13.8589096   -0.0000314)
(   4.6057696   13.8585300   -0.0000315)
(   4.6054721   13.8581505   -0.0000315)
(   4.6051741   13.8577709   -0.0000316)
(   4.6048756   13.8573914   -0.0000316)
(   4.6045775   13.8570127   -0.0000316)
(   4.6042795   13.8566332   -0.0000317)
(   4.6039815   13.8562536   -0.0000317)
(   4.6036835   13.8558750   -0.0000317)
(   4.6033854   13.8554955   -0.0000318)
(   4.6030869   13.8551168   -0.0000318)
(   4.6027894   13.8547382   -0.0000319)
(   4.6024914   13.8543587   -0.0000319)
(   4.6021938   13.8539791   -0.0000319)
(   4.6106634   13.8651285   -0.0000308)
(   4.6103654   13.8647490   -0.0000308)
(   4.6100674   13.8643694   -0.0000309)
(   4.6097693   13.8639908   -0.0000309)
(   4.6094708   13.8636112   -0.0000309)
(   4.6091728   13.8632317   -0.0000310)
(   4.6088743   13.8628521   -0.0000310)
(   4.6085768   13.8624735   -0.0000311)
(   4.6082788   13.8620949   -0.0000311)
(   4.6079807   13.8617163   -0.0000311)
(   4.6076822   13.8613367   -0.0000312)
(   4.6073842   13.8609571   -0.0000312)
(   4.6070862   13.8605776   -0.0000313)
(   4.6067882   13.8601990   -0.0000313)
(   4.6064897   13.8598194   -0.0000313)
(   4.6061916   13.8594398   -0.0000314)
(   4.6058931   13.8590612   -0.0000314)
(   4.6055956   13.8586826   -0.0000314)
(   4.6052976   13.8583031   -0.0000315)
(   4.6049995   13.8579235   -0.0000315)
(   4.6047010   13.8575439   -0.0000316)
(   4.6044030   13.8571644   -0.0000316)
(   4.6041045   13.8567858   -0.0000316)
(   4.6038070   13.8564062   -0.0000317)
(   4.6035085   13.8560266   -0.0000317)
(   4.6032104   13.8556480   -0.0000317)
(   4.6029124   13.8552694   -0.0000318)
(   4.6026144   13.8548908   -0.0000318)
(   4.6023164   13.8545113   -0.0000319)
(   4.6020184   13.8541317   -0.0000319)
(   4.6104908   13.8652782   -0.0000308)
(   4.6101933   13.8648996   -0.0000308)
(   4.6098948   13.8645201   -0.0000308)
(   4.6095963   13.8641405   -0.0000309)
(   4.6092982   13.8637619   -0.0000309)
(   4.6089997   13.8633823   -0.0000310)
(   4.6087012   13.8630037   -0.0000310)
(   4.6084042   13.8626242   -0.0000310)
(   4.6081057   13.8622446   -0.0000311)
(   4.6078072   13.8618670   -0.0000311)
(   4.6075091   13.8614874   -0.0000311)
(   4.6072106   13.8611088   -0.0000312)
(   4.6069126   13.8607292   -0.0000312)
(   4.6066141   13.8603497   -0.0000313)
(   4.6063161   13.8599710   -0.0000313)
(   4.6060176   13.8595915   -0.0000313)
(   4.6057196   13.8592129   -0.0000314)
(   4.6054220   13.8588333   -0.0000314)
(   4.6051235   13.8584538   -0.0000314)
(   4.6048250   13.8580751   -0.0000315)
(   4.6045270   13.8576956   -0.0000315)
(   4.6042285   13.8573170   -0.0000316)
(   4.6039305   13.8569374   -0.0000316)
(   4.6036320   13.8565578   -0.0000316)
(   4.6033340   13.8561792   -0.0000317)
(   4.6030354   13.8558006   -0.0000317)
(   4.6027374   13.8554220   -0.0000318)
(   4.6024399   13.8550425   -0.0000318)
(   4.6021414   13.8546638   -0.0000318)
(   4.6018429   13.8542843   -0.0000319)
(   4.6103191   13.8654289   -0.0000307)
(   4.6100206   13.8650494   -0.0000308)
(   4.6097221   13.8646708   -0.0000308)
(   4.6094236   13.8642912   -0.0000308)
(   4.6091251   13.8639116   -0.0000309)
(   4.6088266   13.8635330   -0.0000309)
(   4.6085291   13.8631544   -0.0000310)
(   4.6082306   13.8627748   -0.0000310)
(   4.6079321   13.8623953   -0.0000310)
(   4.6076341   13.8620167   -0.0000311)
(   4.6073356   13.8616390   -0.0000311)
(   4.6070375   13.8612595   -0.0000311)
(   4.6067390   13.8608809   -0.0000312)
(   4.6064405   13.8605013   -0.0000312)
(   4.6061420   13.8601217   -0.0000313)
(   4.6058435   13.8597431   -0.0000313)
(   4.6055460   13.8593645   -0.0000313)
(   4.6052475   13.8589849   -0.0000314)
(   4.6049490   13.8586054   -0.0000314)
(   4.6046510   13.8582268   -0.0000315)
(   4.6043525   13.8578482   -0.0000315)
(   4.6040540   13.8574686   -0.0000315)
(   4.6037560   13.8570890   -0.0000316)
(   4.6034575   13.8567104   -0.0000316)
(   4.6031590   13.8563309   -0.0000316)
(   4.6028609   13.8559532   -0.0000317)
(   4.6025624   13.8555746   -0.0000317)
(   4.6022644   13.8551950   -0.0000318)
(   4.6019664   13.8548155   -0.0000318)
(   4.6016679   13.8544369   -0.0000318)
(   4.6101465   13.8655787   -0.0000307)
(   4.6098480   13.8652000   -0.0000307)
(   4.6095490   13.8648205   -0.0000308)
(   4.6092505   13.8644419   -0.0000308)
(   4.6089520   13.8640623   -0.0000308)
(   4.6086545   13.8636837   -0.0000309)
(   4.6083560   13.8633051   -0.0000309)
(   4.6080575   13.8629255   -0.0000310)
(   4.6077590   13.8625469   -0.0000310)
(   4.6074605   13.8621674   -0.0000310)
(   4.6071625   13.8617887   -0.0000311)
(   4.6068640   13.8614111   -0.0000311)
(   4.6065655   13.8610315   -0.0000312)
(   4.6062665   13.8606529   -0.0000312)
(   4.6059680   13.8602734   -0.0000312)
(   4.6056700   13.8598938   -0.0000313)
(   4.6053720   13.8595161   -0.0000313)
(   4.6050735   13.8591366   -0.0000313)
(   4.6047750   13.8587580   -0.0000314)
(   4.6044765   13.8583784   -0.0000314)
(   4.6041780   13.8579988   -0.0000315)
(   4.6038799   13.8576212   -0.0000315)
(   4.6035814   13.8572416   -0.0000315)
(   4.6032829   13.8568630   -0.0000316)
(   4.6029844   13.8564835   -0.0000316)
(   4.6026859   13.8561039   -0.0000316)
(   4.6023874   13.8557272   -0.0000317)
(   4.6020894   13.8553476   -0.0000317)
(   4.6017909   13.8549690   -0.0000318)
(   4.6014924   13.8545895   -0.0000318)
(   4.6099739   13.8657284   -0.0000307)
(   4.6096749   13.8653498   -0.0000307)
(   4.6093764   13.8649702   -0.0000307)
(   4.6090779   13.8645926   -0.0000308)
(   4.6087799   13.8642130   -0.0000308)
(   4.6084814   13.8638344   -0.0000309)
(   4.6081829   13.8634548   -0.0000309)
(   4.6078844   13.8630762   -0.0000309)
(   4.6075854   13.8626976   -0.0000310)
(   4.6072874   13.8623190   -0.0000310)
(   4.6069889   13.8619394   -0.0000310)
(   4.6066904   13.8615608   -0.0000311)
(   4.6063914   13.8611822   -0.0000311)
(   4.6060929   13.8608036   -0.0000312)
(   4.6057949   13.8604250   -0.0000312)
(   4.6054964   13.8600454   -0.0000312)
(   4.6051979   13.8596668   -0.0000313)
(   4.6048994   13.8592882   -0.0000313)
(   4.6046009   13.8589096   -0.0000313)
(   4.6043019   13.8585300   -0.0000314)
(   4.6040039   13.8581514   -0.0000314)
(   4.6037054   13.8577719   -0.0000315)
(   4.6034064   13.8573942   -0.0000315)
(   4.6031079   13.8570147   -0.0000315)
(   4.6028099   13.8566360   -0.0000316)
(   4.6025114   13.8562565   -0.0000316)
(   4.6022129   13.8558788   -0.0000316)
(   4.6019144   13.8555002   -0.0000317)
(   4.6016159   13.8551216   -0.0000317)
(   4.6013169   13.8547421   -0.0000318)
(   4.6098013   13.8658791   -0.0000306)
(   4.6095023   13.8654995   -0.0000307)
(   4.6092038   13.8651209   -0.0000307)
(   4.6089053   13.8647413   -0.0000307)
(   4.6086073   13.8643637   -0.0000308)
(   4.6083083   13.8639851   -0.0000308)
(   4.6080098   13.8636055   -0.0000309)
(   4.6077108   13.8632269   -0.0000309)
(   4.6074123   13.8628473   -0.0000309)
(   4.6071138   13.8624697   -0.0000310)
(   4.6068153   13.8620911   -0.0000310)
(   4.6065164   13.8617125   -0.0000310)
(   4.6062179   13.8613338   -0.0000311)
(   4.6059189   13.8609543   -0.0000311)
(   4.6056213   13.8605766   -0.0000312)
(   4.6053228   13.8601971   -0.0000312)
(   4.6050239   13.8598185   -0.0000312)
(   4.6047254   13.8594398   -0.0000313)
(   4.6044264   13.8590603   -0.0000313)
(   4.6041279   13.8586826   -0.0000313)
(   4.6038294   13.8583031   -0.0000314)
(   4.6035309   13.8579245   -0.0000314)
(   4.6032319   13.8575459   -0.0000315)
(   4.6029339   13.8571663   -0.0000315)
(   4.6026349   13.8567886   -0.0000315)
(   4.6023369   13.8564091   -0.0000316)
(   4.6020379   13.8560305   -0.0000316)
(   4.6017394   13.8556519   -0.0000317)
(   4.6014404   13.8552732   -0.0000317)
(   4.6011419   13.8548956   -0.0000317)
(   4.6096287   13.8660288   -0.0000306)
(   4.6093297   13.8656502   -0.0000306)
(   4.6090312   13.8652716   -0.0000307)
(   4.6087327   13.8648920   -0.0000307)
(   4.6084342   13.8645134   -0.0000307)
(   4.6081352   13.8641357   -0.0000308)
(   4.6078367   13.8637562   -0.0000308)
(   4.6075377   13.8633776   -0.0000309)
(   4.6072392   13.8629990   -0.0000309)
(   4.6069407   13.8626194   -0.0000309)
(   4.6066418   13.8622417   -0.0000310)
(   4.6063428   13.8618631   -0.0000310)
(   4.6060443   13.8614845   -0.0000310)
(   4.6057463   13.8611059   -0.0000311)
(   4.6054473   13.8607273   -0.0000311)
(   4.6051488   13.8603487   -0.0000312)
(   4.6048498   13.8599701   -0.0000312)
(   4.6045508   13.8595915   -0.0000312)
(   4.6042523   13.8592119   -0.0000313)
(   4.6039538   13.8588333   -0.0000313)
(   4.6036549   13.8584557   -0.0000314)
(   4.6033564   13.8580770   -0.0000314)
(   4.6030574   13.8576975   -0.0000314)
(   4.6027589   13.8573189   -0.0000315)
(   4.6024604   13.8569403   -0.0000315)
(   4.6021619   13.8565617   -0.0000315)
(   4.6018629   13.8561831   -0.0000316)
(   4.6015644   13.8558054   -0.0000316)
(   4.6012654   13.8554258   -0.0000317)
(   4.6009665   13.8550472   -0.0000317)
(   4.6094561   13.8661785   -0.0000306)
(   4.6091576   13.8658009   -0.0000306)
(   4.6088586   13.8654213   -0.0000306)
(   4.6085601   13.8650427   -0.0000307)
(   4.6082611   13.8646641   -0.0000307)
(   4.6079626   13.8642855   -0.0000307)
(   4.6076636   13.8639069   -0.0000308)
(   4.6073651   13.8635283   -0.0000308)
(   4.6070662   13.8631496   -0.0000309)
(   4.6067672   13.8627710   -0.0000309)
(   4.6064682   13.8623924   -0.0000309)
(   4.6061692   13.8620138   -0.0000310)
(   4.6058702   13.8616362   -0.0000310)
(   4.6055727   13.8612576   -0.0000311)
(   4.6052737   13.8608789   -0.0000311)
(   4.6049747   13.8604994   -0.0000311)
(   4.6046758   13.8601217   -0.0000312)
(   4.6043768   13.8597431   -0.0000312)
(   4.6040783   13.8593645   -0.0000312)
(   4.6037793   13.8589859   -0.0000313)
(   4.6034803   13.8586063   -0.0000313)
(   4.6031818   13.8582287   -0.0000314)
(   4.6028833   13.8578501   -0.0000314)
(   4.6025844   13.8574715   -0.0000314)
(   4.6022859   13.8570919   -0.0000315)
(   4.6019869   13.8567133   -0.0000315)
(   4.6016879   13.8563356   -0.0000315)
(   4.6013889   13.8559580   -0.0000316)
(   4.6010900   13.8555794   -0.0000316)
(   4.6007915   13.8551998   -0.0000317)
(   4.6092839   13.8663282   -0.0000305)
(   4.6089849   13.8659496   -0.0000306)
(   4.6086860   13.8655720   -0.0000306)
(   4.6083875   13.8651934   -0.0000306)
(   4.6080885   13.8648148   -0.0000307)
(   4.6077895   13.8644361   -0.0000307)
(   4.6074910   13.8640575   -0.0000308)
(   4.6071916   13.8636789   -0.0000308)
(   4.6068926   13.8633003   -0.0000308)
(   4.6065936   13.8629217   -0.0000309)
(   4.6062946   13.8625431   -0.0000309)
(   4.6059957   13.8621645   -0.0000309)
(   4.6056976   13.8617878   -0.0000310)
(   4.6053987   13.8614092   -0.0000310)
(   4.6050997   13.8610306   -0.0000311)
(   4.6048007   13.8606510   -0.0000311)
(   4.6045017   13.8602724   -0.0000311)
(   4.6042027   13.8598938   -0.0000312)
(   4.6039042   13.8595161   -0.0000312)
(   4.6036053   13.8591375   -0.0000312)
(   4.6033063   13.8587589   -0.0000313)
(   4.6030068   13.8583803   -0.0000313)
(   4.6027083   13.8580017   -0.0000314)
(   4.6024094   13.8576231   -0.0000314)
(   4.6021109   13.8572445   -0.0000314)
(   4.6018119   13.8568659   -0.0000315)
(   4.6015129   13.8564873   -0.0000315)
(   4.6012139   13.8561087   -0.0000315)
(   4.6009150   13.8557320   -0.0000316)
(   4.6006160   13.8553534   -0.0000316)
(   4.6091113   13.8664789   -0.0000305)
(   4.6088123   13.8661003   -0.0000305)
(   4.6085134   13.8657217   -0.0000306)
(   4.6082144   13.8653440   -0.0000306)
(   4.6079154   13.8649654   -0.0000306)
(   4.6076169   13.8645868   -0.0000307)
(   4.6073174   13.8642082   -0.0000307)
(   4.6070185   13.8638296   -0.0000308)
(   4.6067195   13.8634510   -0.0000308)
(   4.6064205   13.8630733   -0.0000308)
(   4.6061211   13.8626947   -0.0000309)
(   4.6058226   13.8623161   -0.0000309)
(   4.6055241   13.8619375   -0.0000309)
(   4.6052251   13.8615599   -0.0000310)
(   4.6049256   13.8611813   -0.0000310)
(   4.6046267   13.8608027   -0.0000311)
(   4.6043277   13.8604240   -0.0000311)
(   4.6040287   13.8600454   -0.0000311)
(   4.6037297   13.8596668   -0.0000312)
(   4.6034307   13.8592892   -0.0000312)
(   4.6031318   13.8589106   -0.0000312)
(   4.6028328   13.8585320   -0.0000313)
(   4.6025338   13.8581533   -0.0000313)
(   4.6022353   13.8577747   -0.0000314)
(   4.6019363   13.8573971   -0.0000314)
(   4.6016369   13.8570185   -0.0000314)
(   4.6013379   13.8566399   -0.0000315)
(   4.6010389   13.8562613   -0.0000315)
(   4.6007400   13.8558836   -0.0000316)
(   4.6004410   13.8555059   -0.0000316)
(   4.6089387   13.8666286   -0.0000305)
(   4.6086397   13.8662510   -0.0000305)
(   4.6083407   13.8658724   -0.0000305)
(   4.6080418   13.8654938   -0.0000306)
(   4.6077428   13.8651161   -0.0000306)
(   4.6074438   13.8647375   -0.0000306)
(   4.6071444   13.8643589   -0.0000307)
(   4.6068454   13.8639803   -0.0000307)
(   4.6065459   13.8636017   -0.0000308)
(   4.6062469   13.8632231   -0.0000308)
(   4.6059480   13.8628454   -0.0000308)
(   4.6056495   13.8624668   -0.0000309)
(   4.6053505   13.8620882   -0.0000309)
(   4.6050510   13.8617105   -0.0000309)
(   4.6047521   13.8613319   -0.0000310)
(   4.6044526   13.8609543   -0.0000310)
(   4.6041541   13.8605766   -0.0000311)
(   4.6038547   13.8601980   -0.0000311)
(   4.6035557   13.8598194   -0.0000311)
(   4.6032562   13.8594408   -0.0000312)
(   4.6029572   13.8590631   -0.0000312)
(   4.6026583   13.8586845   -0.0000313)
(   4.6023598   13.8583059   -0.0000313)
(   4.6020603   13.8579273   -0.0000313)
(   4.6017613   13.8575487   -0.0000314)
(   4.6014619   13.8571711   -0.0000314)
(   4.6011629   13.8567924   -0.0000314)
(   4.6008639   13.8564138   -0.0000315)
(   4.6005650   13.8560352   -0.0000315)
(   4.6002660   13.8556576   -0.0000316)
(   4.6087661   13.8667793   -0.0000304)
(   4.6084676   13.8664007   -0.0000305)
(   4.6081686   13.8660221   -0.0000305)
(   4.6078691   13.8656445   -0.0000305)
(   4.6075702   13.8652658   -0.0000306)
(   4.6072707   13.8648872   -0.0000306)
(   4.6069713   13.8645096   -0.0000307)
(   4.6066723   13.8641310   -0.0000307)
(   4.6063728   13.8637524   -0.0000307)
(   4.6060739   13.8633738   -0.0000308)
(   4.6057754   13.8629961   -0.0000308)
(   4.6054759   13.8626184   -0.0000308)
(   4.6051764   13.8622398   -0.0000309)
(   4.6048775   13.8618612   -0.0000309)
(   4.6045780   13.8614836   -0.0000310)
(   4.6042790   13.8611050   -0.0000310)
(   4.6039801   13.8607283   -0.0000310)
(   4.6036806   13.8603497   -0.0000311)
(   4.6033812   13.8599710   -0.0000311)
(   4.6030822   13.8595924   -0.0000311)
(   4.6027832   13.8592138   -0.0000312)
(   4.6024837   13.8588352   -0.0000312)
(   4.6021852   13.8584585   -0.0000313)
(   4.6018858   13.8580799   -0.0000313)
(   4.6015863   13.8577013   -0.0000313)
(   4.6012874   13.8573227   -0.0000314)
(   4.6009879   13.8569441   -0.0000314)
(   4.6006885   13.8565664   -0.0000314)
(   4.6003900   13.8561888   -0.0000315)
(   4.6000910   13.8558111   -0.0000315)
(   4.6085939   13.8669291   -0.0000304)
(   4.6082945   13.8665504   -0.0000304)
(   4.6079960   13.8661728   -0.0000305)
(   4.6076965   13.8657942   -0.0000305)
(   4.6073971   13.8654165   -0.0000305)
(   4.6070976   13.8650379   -0.0000306)
(   4.6067982   13.8646593   -0.0000306)
(   4.6064987   13.8642817   -0.0000307)
(   4.6061997   13.8639040   -0.0000307)
(   4.6059008   13.8635254   -0.0000307)
(   4.6056018   13.8631468   -0.0000308)
(   4.6053023   13.8627682   -0.0000308)
(   4.6050029   13.8623915   -0.0000308)
(   4.6047034   13.8620129   -0.0000309)
(   4.6044044   13.8616352   -0.0000309)
(   4.6041050   13.8612566   -0.0000310)
(   4.6038055   13.8608789   -0.0000310)
(   4.6035066   13.8605003   -0.0000310)
(   4.6032071   13.8601227   -0.0000311)
(   4.6029081   13.8597441   -0.0000311)
(   4.6026087   13.8593664   -0.0000311)
(   4.6023097   13.8589878   -0.0000312)
(   4.6020103   13.8586092   -0.0000312)
(   4.6017108   13.8582315   -0.0000313)
(   4.6014118   13.8578539   -0.0000313)
(   4.6011124   13.8574753   -0.0000313)
(   4.6008129   13.8570967   -0.0000314)
(   4.6005135   13.8567190   -0.0000314)
(   4.6002145   13.8563414   -0.0000314)
(   4.5999155   13.8559628   -0.0000315)
(   4.6084218   13.8670788   -0.0000304)
(   4.6081223   13.8667011   -0.0000304)
(   4.6078229   13.8663225   -0.0000304)
(   4.6075234   13.8659449   -0.0000305)
(   4.6072240   13.8655672   -0.0000305)
(   4.6069245   13.8651886   -0.0000305)
(   4.6066251   13.8648100   -0.0000306)
(   4.6063261   13.8644323   -0.0000306)
(   4.6060266   13.8640547   -0.0000307)
(   4.6057277   13.8636761   -0.0000307)
(   4.6054282   13.8632984   -0.0000307)
(   4.6051288   13.8629198   -0.0000308)
(   4.6048293   13.8625412   -0.0000308)
(   4.6045299   13.8621635   -0.0000308)
(   4.6042309   13.8617868   -0.0000309)
(   4.6039310   13.8614082   -0.0000309)
(   4.6036315   13.8610306   -0.0000310)
(   4.6033320   13.8606520   -0.0000310)
(   4.6030326   13.8602734   -0.0000310)
(   4.6027336   13.8598967   -0.0000311)
(   4.6024346   13.8595181   -0.0000311)
(   4.6021352   13.8591404   -0.0000311)
(   4.6018357   13.8587618   -0.0000312)
(   4.6015363   13.8583832   -0.0000312)
(   4.6012368   13.8580065   -0.0000313)
(   4.6009374   13.8576279   -0.0000313)
(   4.6006379   13.8572493   -0.0000313)
(   4.6003389   13.8568716   -0.0000314)
(   4.6000400   13.8564930   -0.0000314)
(   4.5997405   13.8561144   -0.0000315)
(   4.6082492   13.8672295   -0.0000303)
(   4.6079497   13.8668509   -0.0000304)
(   4.6076503   13.8664732   -0.0000304)
(   4.6073508   13.8660946   -0.0000304)
(   4.6070509   13.8657179   -0.0000305)
(   4.6067514   13.8653393   -0.0000305)
(   4.6064525   13.8649607   -0.0000305)
(   4.6061530   13.8645830   -0.0000306)
(   4.6058531   13.8642044   -0.0000306)
(   4.6055541   13.8638268   -0.0000307)
(   4.6052547   13.8634491   -0.0000307)
(   4.6049552   13.8630714   -0.0000307)
(   4.6046553   13.8626928   -0.0000308)
(   4.6043563   13.8623152   -0.0000308)
(   4.6040568   13.8619366   -0.0000309)
(   4.6037574   13.8615599   -0.0000309)
(   4.6034575   13.8611822   -0.0000309)
(   4.6031580   13.8608036   -0.0000310)
(   4.6028590   13.8604259   -0.0000310)
(   4.6025600   13.8600473   -0.0000310)
(   4.6022601   13.8596706   -0.0000311)
(   4.6019607   13.8592920   -0.0000311)
(   4.6016612   13.8589144   -0.0000312)
(   4.6013618   13.8585358   -0.0000312)
(   4.6010618   13.8581572   -0.0000312)
(   4.6007624   13.8577795   -0.0000313)
(   4.6004634   13.8574018   -0.0000313)
(   4.6001639   13.8570242   -0.0000313)
(   4.5998645   13.8566456   -0.0000314)
(   4.5995650   13.8562679   -0.0000314)
(   4.6080766   13.8673792   -0.0000303)
(   4.6077771   13.8670015   -0.0000303)
(   4.6074777   13.8666229   -0.0000304)
(   4.6071777   13.8662453   -0.0000304)
(   4.6068783   13.8658667   -0.0000304)
(   4.6065788   13.8654900   -0.0000305)
(   4.6062794   13.8651123   -0.0000305)
(   4.6059794   13.8647337   -0.0000306)
(   4.6056805   13.8643560   -0.0000306)
(   4.6053805   13.8639774   -0.0000306)
(   4.6050811   13.8635998   -0.0000307)
(   4.6047821   13.8632221   -0.0000307)
(   4.6044822   13.8628445   -0.0000307)
(   4.6041827   13.8624659   -0.0000308)
(   4.6038828   13.8620882   -0.0000308)
(   4.6035833   13.8617105   -0.0000309)
(   4.6032834   13.8613338   -0.0000309)
(   4.6029840   13.8609562   -0.0000309)
(   4.6026850   13.8605776   -0.0000310)
(   4.6023855   13.8601999   -0.0000310)
(   4.6020856   13.8598213   -0.0000310)
(   4.6017861   13.8594437   -0.0000311)
(   4.6014867   13.8590660   -0.0000311)
(   4.6011868   13.8586884   -0.0000312)
(   4.6008873   13.8583097   -0.0000312)
(   4.6005874   13.8579321   -0.0000312)
(   4.6002884   13.8575535   -0.0000313)
(   4.5999889   13.8571768   -0.0000313)
(   4.5996895   13.8567991   -0.0000313)
(   4.5993896   13.8564205   -0.0000314)
)
;

// ************************************************************************* //
