      900
(
  76317.8125    
  76317.7812    
  76317.7500    
  76317.7266    
  76317.6953    
  76317.6641    
  76317.6328    
  76317.6094    
  76317.5781    
  76317.5469    
  76317.5234    
  76317.4922    
  76317.4688    
  76317.4375    
  76317.4062    
  76317.3750    
  76317.3438    
  76317.3203    
  76317.2891    
  76317.2578    
  76317.2266    
  76317.2031    
  76317.1719    
  76317.1406    
  76317.1172    
  76317.0859    
  76317.0625    
  76317.0312    
  76317.0000    
  76316.9688    
  76185.1953    
  76185.1719    
  76185.1406    
  76185.1094    
  76185.0781    
  76185.0469    
  76185.0234    
  76185.0000    
  76184.9688    
  76184.9375    
  76184.9062    
  76184.8828    
  76184.8516    
  76184.8203    
  76184.7891    
  76184.7656    
  76184.7344    
  76184.7031    
  76184.6719    
  76184.6484    
  76184.6172    
  76184.5859    
  76184.5625    
  76184.5312    
  76184.5078    
  76184.4766    
  76184.4453    
  76184.4141    
  76184.3906    
  76184.3594    
  76057.0391    
  76057.0078    
  76056.9766    
  76056.9453    
  76056.9219    
  76056.8906    
  76056.8594    
  76056.8281    
  76056.8047    
  76056.7734    
  76056.7422    
  76056.7109    
  76056.6875    
  76056.6641    
  76056.6328    
  76056.6016    
  76056.5703    
  76056.5391    
  76056.5156    
  76056.4844    
  76056.4531    
  76056.4219    
  76056.3984    
  76056.3672    
  76056.3359    
  76056.3047    
  76056.2812    
  76056.2500    
  76056.2188    
  76056.1953    
  75932.7812    
  75932.7500    
  75932.7266    
  75932.6953    
  75932.6641    
  75932.6328    
  75932.6094    
  75932.5781    
  75932.5469    
  75932.5156    
  75932.4922    
  75932.4609    
  75932.4375    
  75932.4062    
  75932.3750    
  75932.3438    
  75932.3203    
  75932.2891    
  75932.2578    
  75932.2266    
  75932.2031    
  75932.1719    
  75932.1406    
  75932.1094    
  75932.0859    
  75932.0547    
  75932.0234    
  75931.9922    
  75931.9688    
  75931.9453    
  75819.8984    
  75819.8750    
  75819.8438    
  75819.8125    
  75819.7812    
  75819.7578    
  75819.7266    
  75819.6953    
  75819.6641    
  75819.6406    
  75819.6094    
  75819.5781    
  75819.5469    
  75819.5234    
  75819.4922    
  75819.4688    
  75819.4375    
  75819.4062    
  75819.3828    
  75819.3516    
  75819.3203    
  75819.2891    
  75819.2578    
  75819.2344    
  75819.2031    
  75819.1719    
  75819.1406    
  75819.1172    
  75819.0859    
  75819.0547    
  75680.4688    
  75680.4453    
  75680.4141    
  75680.3828    
  75680.3516    
  75680.3281    
  75680.2969    
  75680.2656    
  75680.2344    
  75680.2109    
  75680.1719    
  75680.1406    
  75680.1172    
  75680.0859    
  75680.0547    
  75680.0234    
  75680.0000    
  75679.9688    
  75679.9375    
  75679.9062    
  75679.8828    
  75679.8516    
  75679.8203    
  75679.7891    
  75679.7578    
  75679.7266    
  75679.6953    
  75679.6641    
  75679.6406    
  75679.6094    
  75545.8359    
  75545.8047    
  75545.7812    
  75545.7500    
  75545.7188    
  75545.6875    
  75545.6641    
  75545.6328    
  75545.6016    
  75545.5703    
  75545.5469    
  75545.5156    
  75545.4844    
  75545.4531    
  75545.4297    
  75545.4062    
  75545.3750    
  75545.3438    
  75545.3125    
  75545.2891    
  75545.2578    
  75545.2266    
  75545.1953    
  75545.1641    
  75545.1406    
  75545.1094    
  75545.0781    
  75545.0469    
  75545.0234    
  75544.9922    
  75413.7656    
  75413.7344    
  75413.7031    
  75413.6719    
  75413.6484    
  75413.6172    
  75413.5859    
  75413.5547    
  75413.5312    
  75413.5000    
  75413.4688    
  75413.4375    
  75413.4141    
  75413.3828    
  75413.3516    
  75413.3203    
  75413.2969    
  75413.2656    
  75413.2344    
  75413.2031    
  75413.1797    
  75413.1484    
  75413.1172    
  75413.0859    
  75413.0625    
  75413.0312    
  75413.0000    
  75412.9688    
  75412.9375    
  75412.9141    
  75269.3047    
  75269.2734    
  75269.2500    
  75269.2188    
  75269.1875    
  75269.1562    
  75269.1328    
  75269.1016    
  75269.0703    
  75269.0391    
  75269.0156    
  75268.9844    
  75268.9531    
  75268.9219    
  75268.8906    
  75268.8672    
  75268.8359    
  75268.8047    
  75268.7734    
  75268.7500    
  75268.7188    
  75268.6875    
  75268.6562    
  75268.6328    
  75268.6016    
  75268.5703    
  75268.5391    
  75268.5156    
  75268.4844    
  75268.4531    
  75124.7812    
  75124.7500    
  75124.7266    
  75124.6953    
  75124.6641    
  75124.6328    
  75124.6094    
  75124.5781    
  75124.5469    
  75124.5156    
  75124.4922    
  75124.4609    
  75124.4297    
  75124.3984    
  75124.3750    
  75124.3438    
  75124.3125    
  75124.2812    
  75124.2578    
  75124.2266    
  75124.1953    
  75124.1641    
  75124.1328    
  75124.1094    
  75124.0781    
  75124.0469    
  75124.0156    
  75123.9922    
  75123.9609    
  75123.9297    
  74996.9609    
  74996.9297    
  74996.9062    
  74996.8750    
  74996.8438    
  74996.8125    
  74996.7891    
  74996.7578    
  74996.7266    
  74996.6953    
  74996.6719    
  74996.6406    
  74996.6094    
  74996.5781    
  74996.5547    
  74996.5234    
  74996.4922    
  74996.4609    
  74996.4375    
  74996.4062    
  74996.3750    
  74996.3438    
  74996.3125    
  74996.2891    
  74996.2578    
  74996.2266    
  74996.1953    
  74996.1719    
  74996.1406    
  74996.1094    
  74868.9297    
  74868.8984    
  74868.8750    
  74868.8438    
  74868.8125    
  74868.7812    
  74868.7578    
  74868.7266    
  74868.6953    
  74868.6641    
  74868.6406    
  74868.6094    
  74868.5781    
  74868.5469    
  74868.5156    
  74868.4922    
  74868.4609    
  74868.4297    
  74868.3984    
  74868.3750    
  74868.3438    
  74868.3125    
  74868.2812    
  74868.2578    
  74868.2266    
  74868.1953    
  74868.1641    
  74868.1406    
  74868.1094    
  74868.0781    
  74737.9297    
  74737.9062    
  74737.8750    
  74737.8438    
  74737.8125    
  74737.7812    
  74737.7578    
  74737.7266    
  74737.6953    
  74737.6641    
  74737.6406    
  74737.6094    
  74737.5781    
  74737.5469    
  74737.5234    
  74737.4922    
  74737.4609    
  74737.4297    
  74737.4062    
  74737.3750    
  74737.3438    
  74737.3125    
  74737.2891    
  74737.2578    
  74737.2188    
  74737.1953    
  74737.1641    
  74737.1328    
  74737.1016    
  74737.0781    
  74606.9297    
  74606.8984    
  74606.8672    
  74606.8359    
  74606.8125    
  74606.7812    
  74606.7500    
  74606.7188    
  74606.6953    
  74606.6641    
  74606.6328    
  74606.6016    
  74606.5781    
  74606.5469    
  74606.5156    
  74606.4844    
  74606.4531    
  74606.4219    
  74606.3906    
  74606.3672    
  74606.3359    
  74606.3047    
  74606.2734    
  74606.2422    
  74606.2188    
  74606.1875    
  74606.1562    
  74606.1250    
  74606.1016    
  74606.0703    
  74479.1094    
  74479.0859    
  74479.0547    
  74479.0234    
  74478.9922    
  74478.9688    
  74478.9375    
  74478.9062    
  74478.8750    
  74478.8516    
  74478.8203    
  74478.7891    
  74478.7578    
  74478.7344    
  74478.7031    
  74478.6719    
  74478.6406    
  74478.6172    
  74478.5859    
  74478.5547    
  74478.5234    
  74478.5000    
  74478.4688    
  74478.4375    
  74478.4062    
  74478.3750    
  74478.3516    
  74478.3203    
  74478.2891    
  74478.2578    
  74351.5234    
  74351.4922    
  74351.4609    
  74351.4375    
  74351.4062    
  74351.3750    
  74351.3438    
  74351.3125    
  74351.2891    
  74351.2578    
  74351.2266    
  74351.1953    
  74351.1719    
  74351.1406    
  74351.1094    
  74351.0781    
  74351.0547    
  74351.0234    
  74350.9922    
  74350.9609    
  74350.9375    
  74350.9062    
  74350.8750    
  74350.8438    
  74350.8203    
  74350.7891    
  74350.7578    
  74350.7266    
  74350.7031    
  74350.6719    
  74222.9688    
  74222.9375    
  74222.9062    
  74222.8828    
  74222.8516    
  74222.8203    
  74222.7891    
  74222.7578    
  74222.7344    
  74222.7031    
  74222.6719    
  74222.6406    
  74222.6172    
  74222.5859    
  74222.5547    
  74222.5234    
  74222.5000    
  74222.4688    
  74222.4375    
  74222.4062    
  74222.3828    
  74222.3516    
  74222.3203    
  74222.2891    
  74222.2656    
  74222.2344    
  74222.2031    
  74222.1719    
  74222.1484    
  74222.1172    
  74093.9453    
  74093.9219    
  74093.8906    
  74093.8594    
  74093.8281    
  74093.8047    
  74093.7734    
  74093.7422    
  74093.7109    
  74093.6875    
  74093.6562    
  74093.6250    
  74093.5938    
  74093.5703    
  74093.5391    
  74093.5078    
  74093.4766    
  74093.4453    
  74093.4219    
  74093.3906    
  74093.3594    
  74093.3281    
  74093.3047    
  74093.2734    
  74093.2422    
  74093.2109    
  74093.1875    
  74093.1562    
  74093.1250    
  74093.0938    
  73964.0859    
  73964.0547    
  73964.0234    
  73963.9922    
  73963.9688    
  73963.9375    
  73963.9062    
  73963.8750    
  73963.8516    
  73963.8203    
  73963.7891    
  73963.7578    
  73963.7344    
  73963.7031    
  73963.6719    
  73963.6406    
  73963.6172    
  73963.5859    
  73963.5547    
  73963.5234    
  73963.5000    
  73963.4688    
  73963.4375    
  73963.3984    
  73963.3750    
  73963.3438    
  73963.3125    
  73963.2812    
  73963.2578    
  73963.2266    
  73833.4844    
  73833.4531    
  73833.4219    
  73833.3984    
  73833.3672    
  73833.3359    
  73833.3047    
  73833.2812    
  73833.2500    
  73833.2188    
  73833.1875    
  73833.1641    
  73833.1328    
  73833.1016    
  73833.0703    
  73833.0469    
  73833.0156    
  73832.9844    
  73832.9531    
  73832.9297    
  73832.8984    
  73832.8672    
  73832.8359    
  73832.8125    
  73832.7812    
  73832.7500    
  73832.7188    
  73832.6875    
  73832.6641    
  73832.6328    
  73704.2422    
  73704.2109    
  73704.1875    
  73704.1562    
  73704.1250    
  73704.0938    
  73704.0625    
  73704.0391    
  73704.0078    
  73703.9766    
  73703.9453    
  73703.9219    
  73703.8906    
  73703.8594    
  73703.8281    
  73703.8047    
  73703.7734    
  73703.7422    
  73703.7109    
  73703.6875    
  73703.6562    
  73703.6250    
  73703.5938    
  73703.5703    
  73703.5391    
  73703.5078    
  73703.4766    
  73703.4531    
  73703.4219    
  73703.3906    
  73577.0938    
  73577.0625    
  73577.0312    
  73577.0000    
  73576.9766    
  73576.9453    
  73576.9141    
  73576.8828    
  73576.8594    
  73576.8281    
  73576.7969    
  73576.7656    
  73576.7422    
  73576.7109    
  73576.6797    
  73576.6484    
  73576.6250    
  73576.5938    
  73576.5625    
  73576.5312    
  73576.5078    
  73576.4766    
  73576.4453    
  73576.4141    
  73576.3906    
  73576.3594    
  73576.3281    
  73576.2969    
  73576.2656    
  73576.2422    
  73449.5625    
  73449.5312    
  73449.5000    
  73449.4688    
  73449.4453    
  73449.4141    
  73449.3828    
  73449.3516    
  73449.3281    
  73449.2969    
  73449.2656    
  73449.2344    
  73449.2031    
  73449.1797    
  73449.1484    
  73449.1172    
  73449.0859    
  73449.0625    
  73449.0312    
  73449.0000    
  73448.9688    
  73448.9453    
  73448.9141    
  73448.8828    
  73448.8516    
  73448.8281    
  73448.7969    
  73448.7656    
  73448.7344    
  73448.7109    
  73319.2812    
  73319.2500    
  73319.2188    
  73319.1875    
  73319.1562    
  73319.1328    
  73319.1016    
  73319.0703    
  73319.0391    
  73319.0156    
  73318.9844    
  73318.9531    
  73318.9219    
  73318.8984    
  73318.8672    
  73318.8359    
  73318.8047    
  73318.7812    
  73318.7500    
  73318.7188    
  73318.6875    
  73318.6641    
  73318.6328    
  73318.6016    
  73318.5703    
  73318.5469    
  73318.5156    
  73318.4844    
  73318.4531    
  73318.4219    
  73188.9922    
  73188.9688    
  73188.9375    
  73188.9062    
  73188.8750    
  73188.8516    
  73188.8203    
  73188.7891    
  73188.7578    
  73188.7344    
  73188.7031    
  73188.6719    
  73188.6406    
  73188.6172    
  73188.5859    
  73188.5547    
  73188.5234    
  73188.5000    
  73188.4688    
  73188.4375    
  73188.4062    
  73188.3750    
  73188.3516    
  73188.3203    
  73188.2891    
  73188.2578    
  73188.2344    
  73188.2031    
  73188.1719    
  73188.1406    
  73062.0234    
  73062.0000    
  73061.9688    
  73061.9375    
  73061.9062    
  73061.8828    
  73061.8516    
  73061.8203    
  73061.7891    
  73061.7656    
  73061.7344    
  73061.6953    
  73061.6719    
  73061.6406    
  73061.6094    
  73061.5781    
  73061.5547    
  73061.5234    
  73061.4922    
  73061.4609    
  73061.4375    
  73061.4062    
  73061.3750    
  73061.3438    
  73061.3125    
  73061.2891    
  73061.2578    
  73061.2266    
  73061.1953    
  73061.1719    
  72935.1719    
  72935.1406    
  72935.1094    
  72935.0859    
  72935.0547    
  72935.0234    
  72934.9922    
  72934.9609    
  72934.9375    
  72934.9062    
  72934.8750    
  72934.8438    
  72934.8203    
  72934.7891    
  72934.7578    
  72934.7266    
  72934.7031    
  72934.6719    
  72934.6406    
  72934.6094    
  72934.5859    
  72934.5547    
  72934.5234    
  72934.4922    
  72934.4688    
  72934.4375    
  72934.4062    
  72934.3750    
  72934.3516    
  72934.3203    
  72807.3203    
  72807.2891    
  72807.2656    
  72807.2344    
  72807.2031    
  72807.1719    
  72807.1406    
  72807.1172    
  72807.0859    
  72807.0547    
  72807.0234    
  72807.0000    
  72806.9688    
  72806.9375    
  72806.9062    
  72806.8828    
  72806.8516    
  72806.8203    
  72806.7891    
  72806.7656    
  72806.7344    
  72806.7031    
  72806.6719    
  72806.6484    
  72806.6172    
  72806.5859    
  72806.5547    
  72806.5312    
  72806.5000    
  72806.4688    
  72679.0078    
  72678.9766    
  72678.9453    
  72678.9219    
  72678.8906    
  72678.8594    
  72678.8281    
  72678.8047    
  72678.7734    
  72678.7422    
  72678.7109    
  72678.6875    
  72678.6562    
  72678.6250    
  72678.5938    
  72678.5625    
  72678.5391    
  72678.5078    
  72678.4766    
  72678.4453    
  72678.4219    
  72678.3906    
  72678.3516    
  72678.3281    
  72678.2969    
  72678.2656    
  72678.2344    
  72678.2109    
  72678.1797    
  72678.1484    
  72550.8125    
  72550.7812    
  72550.7500    
  72550.7188    
  72550.6953    
  72550.6641    
  72550.6328    
  72550.6016    
  72550.5781    
  72550.5469    
  72550.5156    
  72550.4844    
  72550.4531    
  72550.4219    
  72550.3906    
  72550.3672    
  72550.3359    
  72550.3047    
  72550.2734    
  72550.2500    
  72550.2188    
  72550.1875    
  72550.1562    
  72550.1328    
  72550.1016    
  72550.0703    
  72550.0391    
  72550.0078    
  72549.9844    
  72549.9531    
)
;


// ************************************************************************* //
