      900
(
(   0.8021752    9.4494505   -0.0000318)
(   0.8017888    9.4492731   -0.0000319)
(   0.8014024    9.4490967   -0.0000319)
(   0.8010161    9.4489202   -0.0000319)
(   0.8006297    9.4487419   -0.0000320)
(   0.8002434    9.4485655   -0.0000320)
(   0.7998571    9.4483871   -0.0000321)
(   0.7994707    9.4482098   -0.0000321)
(   0.7990843    9.4480333   -0.0000321)
(   0.7986980    9.4478550   -0.0000322)
(   0.7983117    9.4476786   -0.0000322)
(   0.7979254    9.4475002   -0.0000323)
(   0.7975390    9.4473228   -0.0000323)
(   0.7971526    9.4471464   -0.0000323)
(   0.7967663    9.4469681   -0.0000324)
(   0.7963799    9.4467916   -0.0000324)
(   0.7959936    9.4466133   -0.0000325)
(   0.7956072    9.4464369   -0.0000325)
(   0.7952209    9.4462595   -0.0000325)
(   0.7948345    9.4460812   -0.0000326)
(   0.7944481    9.4459047   -0.0000326)
(   0.7940618    9.4457264   -0.0000327)
(   0.7936754    9.4455500   -0.0000327)
(   0.7932891    9.4453726   -0.0000327)
(   0.7929028    9.4451942   -0.0000328)
(   0.7925165    9.4450178   -0.0000328)
(   0.7921301    9.4448395   -0.0000329)
(   0.7917437    9.4446630   -0.0000329)
(   0.7913574    9.4444857   -0.0000329)
(   0.7909710    9.4443083   -0.0000330)
(   0.8387070    9.5199614   -0.0000318)
(   0.8383211    9.5197830   -0.0000318)
(   0.8379353    9.5196066   -0.0000318)
(   0.8375494    9.5194292   -0.0000319)
(   0.8371635    9.5192509   -0.0000319)
(   0.8367777    9.5190735   -0.0000320)
(   0.8363919    9.5188942   -0.0000320)
(   0.8360061    9.5187168   -0.0000320)
(   0.8356202    9.5185394   -0.0000321)
(   0.8352345    9.5183611   -0.0000321)
(   0.8348486    9.5181837   -0.0000322)
(   0.8344626    9.5180054   -0.0000322)
(   0.8340768    9.5178280   -0.0000322)
(   0.8336910    9.5176497   -0.0000323)
(   0.8333051    9.5174713   -0.0000323)
(   0.8329194    9.5172939   -0.0000324)
(   0.8325335    9.5171165   -0.0000324)
(   0.8321477    9.5169382   -0.0000324)
(   0.8317618    9.5167608   -0.0000325)
(   0.8313760    9.5165825   -0.0000325)
(   0.8309902    9.5164042   -0.0000326)
(   0.8306043    9.5162268   -0.0000326)
(   0.8302186    9.5160484   -0.0000326)
(   0.8298327    9.5158710   -0.0000327)
(   0.8294468    9.5156927   -0.0000327)
(   0.8290609    9.5155153   -0.0000328)
(   0.8286751    9.5153379   -0.0000328)
(   0.8282892    9.5151587   -0.0000328)
(   0.8279034    9.5149813   -0.0000329)
(   0.8275176    9.5148029   -0.0000329)
(   0.9612346    9.7564526   -0.0000317)
(   0.9608502    9.7562714   -0.0000318)
(   0.9604657    9.7560921   -0.0000318)
(   0.9600812    9.7559118   -0.0000318)
(   0.9596968    9.7557306   -0.0000319)
(   0.9593123    9.7555504   -0.0000319)
(   0.9589279    9.7553701   -0.0000320)
(   0.9585434    9.7551899   -0.0000320)
(   0.9581590    9.7550097   -0.0000320)
(   0.9577744    9.7548294   -0.0000321)
(   0.9573899    9.7546492   -0.0000321)
(   0.9570054    9.7544689   -0.0000321)
(   0.9566209    9.7542896   -0.0000322)
(   0.9562364    9.7541094   -0.0000322)
(   0.9558520    9.7539291   -0.0000323)
(   0.9554675    9.7537479   -0.0000323)
(   0.9550831    9.7535686   -0.0000323)
(   0.9546986    9.7533875   -0.0000324)
(   0.9543141    9.7532072   -0.0000324)
(   0.9539297    9.7530279   -0.0000325)
(   0.9535452    9.7528467   -0.0000325)
(   0.9531608    9.7526665   -0.0000325)
(   0.9527763    9.7524872   -0.0000326)
(   0.9523917    9.7523060   -0.0000326)
(   0.9520072    9.7521257   -0.0000327)
(   0.9516227    9.7519464   -0.0000327)
(   0.9512382    9.7517653   -0.0000327)
(   0.9508538    9.7515850   -0.0000328)
(   0.9504693    9.7514038   -0.0000328)
(   0.9500849    9.7512245   -0.0000329)
(   1.0836102    9.9926491   -0.0000317)
(   1.0832272    9.9924660   -0.0000317)
(   1.0828439    9.9922829   -0.0000317)
(   1.0824609    9.9921007   -0.0000318)
(   1.0820777    9.9919176   -0.0000318)
(   1.0816946    9.9917355   -0.0000319)
(   1.0813115    9.9915524   -0.0000319)
(   1.0809284    9.9913692   -0.0000319)
(   1.0805452    9.9911871   -0.0000320)
(   1.0801622    9.9910040   -0.0000320)
(   1.0797790    9.9908209   -0.0000321)
(   1.0793960    9.9906387   -0.0000321)
(   1.0790129    9.9904556   -0.0000321)
(   1.0786297    9.9902725   -0.0000322)
(   1.0782467    9.9900904   -0.0000322)
(   1.0778635    9.9899073   -0.0000323)
(   1.0774803    9.9897251   -0.0000323)
(   1.0770972    9.9895420   -0.0000323)
(   1.0767140    9.9893589   -0.0000324)
(   1.0763309    9.9891768   -0.0000324)
(   1.0759479    9.9889956   -0.0000324)
(   1.0755647    9.9888115   -0.0000325)
(   1.0751816    9.9886293   -0.0000325)
(   1.0747985    9.9884472   -0.0000326)
(   1.0744154    9.9882641   -0.0000326)
(   1.0740322    9.9880810   -0.0000326)
(   1.0736492    9.9878988   -0.0000327)
(   1.0732661    9.9877157   -0.0000327)
(   1.0728829    9.9875336   -0.0000328)
(   1.0724999    9.9873505   -0.0000328)
(   1.2059011   10.2286816   -0.0000316)
(   1.2055194   10.2284966   -0.0000316)
(   1.2051376   10.2283115   -0.0000317)
(   1.2047559   10.2281265   -0.0000317)
(   1.2043741   10.2279415   -0.0000318)
(   1.2039924   10.2277555   -0.0000318)
(   1.2036105   10.2275705   -0.0000318)
(   1.2032288   10.2273865   -0.0000319)
(   1.2028470   10.2272005   -0.0000319)
(   1.2024653   10.2270155   -0.0000320)
(   1.2020835   10.2268305   -0.0000320)
(   1.2017018   10.2266445   -0.0000320)
(   1.2013199   10.2264595   -0.0000321)
(   1.2009382   10.2262754   -0.0000321)
(   1.2005564   10.2260895   -0.0000322)
(   1.2001747   10.2259045   -0.0000322)
(   1.1997930   10.2257195   -0.0000322)
(   1.1994112   10.2255335   -0.0000323)
(   1.1990294   10.2253485   -0.0000323)
(   1.1986476   10.2251644   -0.0000324)
(   1.1982660   10.2249794   -0.0000324)
(   1.1978842   10.2247934   -0.0000324)
(   1.1975025   10.2246084   -0.0000325)
(   1.1971205   10.2244234   -0.0000325)
(   1.1967388   10.2242374   -0.0000326)
(   1.1963570   10.2240534   -0.0000326)
(   1.1959753   10.2238693   -0.0000326)
(   1.1955935   10.2236834   -0.0000327)
(   1.1952118   10.2234983   -0.0000327)
(   1.1948299   10.2233133   -0.0000327)
(   1.3280729   10.4644861   -0.0000316)
(   1.3276925   10.4642982   -0.0000316)
(   1.3273121   10.4641113   -0.0000316)
(   1.3269317   10.4639235   -0.0000317)
(   1.3265512   10.4637365   -0.0000317)
(   1.3261708   10.4635477   -0.0000317)
(   1.3257904   10.4633608   -0.0000318)
(   1.3254100   10.4631729   -0.0000318)
(   1.3250294   10.4629850   -0.0000319)
(   1.3246491   10.4627981   -0.0000319)
(   1.3242686   10.4626102   -0.0000319)
(   1.3238883   10.4624224   -0.0000320)
(   1.3235077   10.4622345   -0.0000320)
(   1.3231274   10.4620476   -0.0000321)
(   1.3227469   10.4618597   -0.0000321)
(   1.3223665   10.4616718   -0.0000321)
(   1.3219861   10.4614849   -0.0000322)
(   1.3216056   10.4612970   -0.0000322)
(   1.3212253   10.4611092   -0.0000323)
(   1.3208447   10.4609213   -0.0000323)
(   1.3204644   10.4607344   -0.0000323)
(   1.3200839   10.4605465   -0.0000324)
(   1.3197036   10.4603586   -0.0000324)
(   1.3193229   10.4601717   -0.0000325)
(   1.3189425   10.4599838   -0.0000325)
(   1.3185622   10.4597960   -0.0000325)
(   1.3181818   10.4596081   -0.0000326)
(   1.3178012   10.4594212   -0.0000326)
(   1.3174208   10.4592333   -0.0000327)
(   1.3170404   10.4590454   -0.0000327)
(   1.4500542   10.6999207   -0.0000315)
(   1.4496752   10.6997309   -0.0000315)
(   1.4492960   10.6995401   -0.0000316)
(   1.4489169   10.6993513   -0.0000316)
(   1.4485378   10.6991615   -0.0000317)
(   1.4481587   10.6989708   -0.0000317)
(   1.4477797   10.6987810   -0.0000317)
(   1.4474006   10.6985912   -0.0000318)
(   1.4470215   10.6984015   -0.0000318)
(   1.4466423   10.6982107   -0.0000319)
(   1.4462633   10.6980209   -0.0000319)
(   1.4458841   10.6978312   -0.0000319)
(   1.4455051   10.6976414   -0.0000320)
(   1.4451259   10.6974497   -0.0000320)
(   1.4447470   10.6972599   -0.0000320)
(   1.4443676   10.6970701   -0.0000321)
(   1.4439887   10.6968803   -0.0000321)
(   1.4436095   10.6966896   -0.0000322)
(   1.4432305   10.6964998   -0.0000322)
(   1.4428513   10.6963100   -0.0000322)
(   1.4424722   10.6961203   -0.0000323)
(   1.4420931   10.6959295   -0.0000323)
(   1.4417140   10.6957397   -0.0000324)
(   1.4413351   10.6955500   -0.0000324)
(   1.4409559   10.6953592   -0.0000324)
(   1.4405769   10.6951694   -0.0000325)
(   1.4401977   10.6949797   -0.0000325)
(   1.4398186   10.6947899   -0.0000326)
(   1.4394394   10.6945992   -0.0000326)
(   1.4390604   10.6944094   -0.0000326)
(   1.5719554   10.9351988   -0.0000314)
(   1.5715777   10.9350071   -0.0000315)
(   1.5711999   10.9348145   -0.0000315)
(   1.5708220   10.9346218   -0.0000316)
(   1.5704443   10.9344292   -0.0000316)
(   1.5700666   10.9342375   -0.0000316)
(   1.5696888   10.9340448   -0.0000317)
(   1.5693109   10.9338531   -0.0000317)
(   1.5689331   10.9336596   -0.0000318)
(   1.5685556   10.9334669   -0.0000318)
(   1.5681777   10.9332752   -0.0000318)
(   1.5677999   10.9330826   -0.0000319)
(   1.5674220   10.9328899   -0.0000319)
(   1.5670443   10.9326973   -0.0000320)
(   1.5666666   10.9325047   -0.0000320)
(   1.5662888   10.9323120   -0.0000320)
(   1.5659109   10.9321203   -0.0000321)
(   1.5655332   10.9319267   -0.0000321)
(   1.5651555   10.9317341   -0.0000321)
(   1.5647777   10.9315424   -0.0000322)
(   1.5643998   10.9313498   -0.0000322)
(   1.5640221   10.9311562   -0.0000323)
(   1.5636443   10.9309645   -0.0000323)
(   1.5632665   10.9307718   -0.0000323)
(   1.5628887   10.9305792   -0.0000324)
(   1.5625110   10.9303865   -0.0000324)
(   1.5621332   10.9301939   -0.0000325)
(   1.5617554   10.9300013   -0.0000325)
(   1.5613778   10.9298096   -0.0000325)
(   1.5609999   10.9296160   -0.0000326)
(   1.6937282   11.1702280   -0.0000314)
(   1.6933519   11.1700335   -0.0000314)
(   1.6929753   11.1698389   -0.0000315)
(   1.6925989   11.1696434   -0.0000315)
(   1.6922225   11.1694489   -0.0000315)
(   1.6918459   11.1692533   -0.0000316)
(   1.6914696   11.1690588   -0.0000316)
(   1.6910930   11.1688643   -0.0000317)
(   1.6907166   11.1686697   -0.0000317)
(   1.6903400   11.1684752   -0.0000317)
(   1.6899637   11.1682787   -0.0000318)
(   1.6895871   11.1680841   -0.0000318)
(   1.6892107   11.1678896   -0.0000319)
(   1.6888342   11.1676941   -0.0000319)
(   1.6884577   11.1674986   -0.0000319)
(   1.6880813   11.1673040   -0.0000320)
(   1.6877048   11.1671095   -0.0000320)
(   1.6873283   11.1669140   -0.0000321)
(   1.6869520   11.1667194   -0.0000321)
(   1.6865753   11.1665239   -0.0000321)
(   1.6861989   11.1663284   -0.0000322)
(   1.6858224   11.1661339   -0.0000322)
(   1.6854460   11.1659393   -0.0000323)
(   1.6850696   11.1657438   -0.0000323)
(   1.6846931   11.1655483   -0.0000323)
(   1.6843168   11.1653538   -0.0000324)
(   1.6839401   11.1651592   -0.0000324)
(   1.6835637   11.1649637   -0.0000324)
(   1.6831872   11.1647682   -0.0000325)
(   1.6828108   11.1645737   -0.0000325)
(   1.8152969   11.4048634   -0.0000313)
(   1.8149215   11.4046659   -0.0000314)
(   1.8145466   11.4044685   -0.0000314)
(   1.8141714   11.4042711   -0.0000315)
(   1.8137960   11.4040737   -0.0000315)
(   1.8134208   11.4038782   -0.0000315)
(   1.8130456   11.4036798   -0.0000316)
(   1.8126705   11.4034824   -0.0000316)
(   1.8122953   11.4032850   -0.0000316)
(   1.8119202   11.4030876   -0.0000317)
(   1.8115450   11.4028902   -0.0000317)
(   1.8111699   11.4026918   -0.0000318)
(   1.8107945   11.4024944   -0.0000318)
(   1.8104196   11.4022970   -0.0000318)
(   1.8100444   11.4020996   -0.0000319)
(   1.8096690   11.4019022   -0.0000319)
(   1.8092939   11.4017038   -0.0000320)
(   1.8089190   11.4015064   -0.0000320)
(   1.8085436   11.4013090   -0.0000320)
(   1.8081684   11.4011116   -0.0000321)
(   1.8077933   11.4009151   -0.0000321)
(   1.8074181   11.4007168   -0.0000322)
(   1.8070430   11.4005194   -0.0000322)
(   1.8066678   11.4003220   -0.0000322)
(   1.8062924   11.4001245   -0.0000323)
(   1.8059175   11.3999271   -0.0000323)
(   1.8055423   11.3997288   -0.0000324)
(   1.8051670   11.3995314   -0.0000324)
(   1.8047918   11.3993340   -0.0000324)
(   1.8044169   11.3991365   -0.0000325)
(   1.9368172   11.6394091   -0.0000313)
(   1.9364432   11.6392078   -0.0000313)
(   1.9360693   11.6390085   -0.0000314)
(   1.9356954   11.6388083   -0.0000314)
(   1.9353217   11.6386089   -0.0000314)
(   1.9349478   11.6384096   -0.0000315)
(   1.9345739   11.6382093   -0.0000315)
(   1.9341999   11.6380091   -0.0000316)
(   1.9338263   11.6378088   -0.0000316)
(   1.9334521   11.6376085   -0.0000316)
(   1.9330782   11.6374092   -0.0000317)
(   1.9327046   11.6372089   -0.0000317)
(   1.9323306   11.6370096   -0.0000318)
(   1.9319568   11.6368084   -0.0000318)
(   1.9315828   11.6366091   -0.0000318)
(   1.9312091   11.6364088   -0.0000319)
(   1.9308352   11.6362085   -0.0000319)
(   1.9304610   11.6360092   -0.0000319)
(   1.9300871   11.6358089   -0.0000320)
(   1.9297135   11.6356087   -0.0000320)
(   1.9293395   11.6354084   -0.0000321)
(   1.9289656   11.6352081   -0.0000321)
(   1.9285917   11.6350088   -0.0000321)
(   1.9282180   11.6348085   -0.0000322)
(   1.9278440   11.6346092   -0.0000322)
(   1.9274700   11.6344080   -0.0000323)
(   1.9270960   11.6342077   -0.0000323)
(   1.9267223   11.6340084   -0.0000323)
(   1.9263484   11.6338081   -0.0000324)
(   1.9259745   11.6336088   -0.0000324)
(   2.0581677   11.8736267   -0.0000312)
(   2.0577950   11.8734255   -0.0000313)
(   2.0574224   11.8732233   -0.0000313)
(   2.0570498   11.8730211   -0.0000313)
(   2.0566771   11.8728180   -0.0000314)
(   2.0563047   11.8726158   -0.0000314)
(   2.0559320   11.8724127   -0.0000315)
(   2.0555594   11.8722095   -0.0000315)
(   2.0551867   11.8720074   -0.0000315)
(   2.0548143   11.8718052   -0.0000316)
(   2.0544417   11.8716030   -0.0000316)
(   2.0540690   11.8713999   -0.0000317)
(   2.0536964   11.8711977   -0.0000317)
(   2.0533240   11.8709946   -0.0000317)
(   2.0529513   11.8707924   -0.0000318)
(   2.0525787   11.8705893   -0.0000318)
(   2.0522060   11.8703871   -0.0000319)
(   2.0518334   11.8701849   -0.0000319)
(   2.0514607   11.8699827   -0.0000319)
(   2.0510881   11.8697796   -0.0000320)
(   2.0507154   11.8695765   -0.0000320)
(   2.0503430   11.8693743   -0.0000320)
(   2.0499704   11.8691721   -0.0000321)
(   2.0495977   11.8689690   -0.0000321)
(   2.0492251   11.8687668   -0.0000322)
(   2.0488527   11.8685646   -0.0000322)
(   2.0484800   11.8683624   -0.0000322)
(   2.0481074   11.8681583   -0.0000323)
(   2.0477350   11.8679562   -0.0000323)
(   2.0473623   11.8677540   -0.0000324)
(   2.1795175   12.1078472   -0.0000312)
(   2.1791461   12.1076422   -0.0000312)
(   2.1787748   12.1074371   -0.0000313)
(   2.1784036   12.1072321   -0.0000313)
(   2.1780322   12.1070271   -0.0000313)
(   2.1776609   12.1068211   -0.0000314)
(   2.1772895   12.1066170   -0.0000314)
(   2.1769185   12.1064119   -0.0000314)
(   2.1765471   12.1062069   -0.0000315)
(   2.1761756   12.1060019   -0.0000315)
(   2.1758044   12.1057968   -0.0000316)
(   2.1754332   12.1055918   -0.0000316)
(   2.1750617   12.1053867   -0.0000316)
(   2.1746902   12.1051817   -0.0000317)
(   2.1743190   12.1049757   -0.0000317)
(   2.1739478   12.1047707   -0.0000318)
(   2.1735764   12.1045656   -0.0000318)
(   2.1732049   12.1043606   -0.0000318)
(   2.1728337   12.1041555   -0.0000319)
(   2.1724625   12.1039505   -0.0000319)
(   2.1720910   12.1037455   -0.0000320)
(   2.1717196   12.1035404   -0.0000320)
(   2.1713486   12.1033354   -0.0000320)
(   2.1709774   12.1031303   -0.0000321)
(   2.1706059   12.1029253   -0.0000321)
(   2.1702344   12.1027203   -0.0000321)
(   2.1698632   12.1025152   -0.0000322)
(   2.1694920   12.1023111   -0.0000322)
(   2.1691206   12.1021061   -0.0000323)
(   2.1687491   12.1019011   -0.0000323)
(   2.3005924   12.3415279   -0.0000311)
(   2.3002222   12.3413210   -0.0000312)
(   2.2998524   12.3411131   -0.0000312)
(   2.2994821   12.3409052   -0.0000312)
(   2.2991121   12.3406982   -0.0000313)
(   2.2987423   12.3404903   -0.0000313)
(   2.2983720   12.3402834   -0.0000314)
(   2.2980018   12.3400755   -0.0000314)
(   2.2976320   12.3398676   -0.0000314)
(   2.2972617   12.3396606   -0.0000315)
(   2.2968917   12.3394518   -0.0000315)
(   2.2965214   12.3392439   -0.0000316)
(   2.2961516   12.3390369   -0.0000316)
(   2.2957816   12.3388290   -0.0000316)
(   2.2954113   12.3386211   -0.0000317)
(   2.2950416   12.3384142   -0.0000317)
(   2.2946713   12.3382063   -0.0000317)
(   2.2943013   12.3379993   -0.0000318)
(   2.2939312   12.3377914   -0.0000318)
(   2.2935612   12.3375835   -0.0000319)
(   2.2931910   12.3373756   -0.0000319)
(   2.2928209   12.3371677   -0.0000319)
(   2.2924509   12.3369608   -0.0000320)
(   2.2920809   12.3367538   -0.0000320)
(   2.2917106   12.3365459   -0.0000321)
(   2.2913408   12.3363380   -0.0000321)
(   2.2909706   12.3361311   -0.0000321)
(   2.2906005   12.3359232   -0.0000322)
(   2.2902305   12.3357162   -0.0000322)
(   2.2898605   12.3355083   -0.0000322)
(   2.4216666   12.5752106   -0.0000311)
(   2.4212980   12.5749998   -0.0000311)
(   2.4209290   12.5747900   -0.0000311)
(   2.4205604   12.5745802   -0.0000312)
(   2.4201913   12.5743685   -0.0000312)
(   2.4198227   12.5741587   -0.0000313)
(   2.4194539   12.5739489   -0.0000313)
(   2.4190848   12.5737381   -0.0000313)
(   2.4187164   12.5735283   -0.0000314)
(   2.4183474   12.5733185   -0.0000314)
(   2.4179785   12.5731077   -0.0000315)
(   2.4176097   12.5728979   -0.0000315)
(   2.4172411   12.5726881   -0.0000315)
(   2.4168723   12.5724773   -0.0000316)
(   2.4165034   12.5722675   -0.0000316)
(   2.4161344   12.5720577   -0.0000317)
(   2.4157660   12.5718479   -0.0000317)
(   2.4153969   12.5716372   -0.0000317)
(   2.4150279   12.5714273   -0.0000318)
(   2.4146593   12.5712166   -0.0000318)
(   2.4142904   12.5710068   -0.0000318)
(   2.4139218   12.5707970   -0.0000319)
(   2.4135528   12.5705862   -0.0000319)
(   2.4131839   12.5703764   -0.0000320)
(   2.4128153   12.5701666   -0.0000320)
(   2.4124465   12.5699558   -0.0000320)
(   2.4120774   12.5697460   -0.0000321)
(   2.4117088   12.5695362   -0.0000321)
(   2.4113400   12.5693254   -0.0000322)
(   2.4109709   12.5691156   -0.0000322)
(   2.5425248   12.8084793   -0.0000310)
(   2.5421574   12.8082666   -0.0000311)
(   2.5417898   12.8080540   -0.0000311)
(   2.5414221   12.8078413   -0.0000311)
(   2.5410545   12.8076286   -0.0000312)
(   2.5406873   12.8074150   -0.0000312)
(   2.5403194   12.8072023   -0.0000313)
(   2.5399520   12.8069887   -0.0000313)
(   2.5395844   12.8067770   -0.0000313)
(   2.5392168   12.8065643   -0.0000314)
(   2.5388494   12.8063517   -0.0000314)
(   2.5384817   12.8061390   -0.0000314)
(   2.5381141   12.8059263   -0.0000315)
(   2.5377467   12.8057137   -0.0000315)
(   2.5373790   12.8055010   -0.0000316)
(   2.5370114   12.8052883   -0.0000316)
(   2.5366440   12.8050756   -0.0000316)
(   2.5362763   12.8048630   -0.0000317)
(   2.5359087   12.8046503   -0.0000317)
(   2.5355413   12.8044376   -0.0000318)
(   2.5351737   12.8042250   -0.0000318)
(   2.5348063   12.8040123   -0.0000318)
(   2.5344386   12.8037996   -0.0000319)
(   2.5340707   12.8035870   -0.0000319)
(   2.5337036   12.8033743   -0.0000319)
(   2.5333359   12.8031616   -0.0000320)
(   2.5329683   12.8029480   -0.0000320)
(   2.5326006   12.8027353   -0.0000321)
(   2.5322332   12.8025217   -0.0000321)
(   2.5318656   12.8023090   -0.0000321)
(   2.6633317   13.0416517   -0.0000310)
(   2.6629655   13.0414362   -0.0000310)
(   2.6625991   13.0412207   -0.0000310)
(   2.6622326   13.0410061   -0.0000311)
(   2.6618664   13.0407906   -0.0000311)
(   2.6615002   13.0405750   -0.0000312)
(   2.6611340   13.0403595   -0.0000312)
(   2.6607676   13.0401449   -0.0000312)
(   2.6604011   13.0399294   -0.0000313)
(   2.6600349   13.0397139   -0.0000313)
(   2.6596687   13.0394983   -0.0000314)
(   2.6593022   13.0392838   -0.0000314)
(   2.6589360   13.0390682   -0.0000314)
(   2.6585698   13.0388527   -0.0000315)
(   2.6582036   13.0386362   -0.0000315)
(   2.6578369   13.0384216   -0.0000315)
(   2.6574707   13.0382061   -0.0000316)
(   2.6571045   13.0379906   -0.0000316)
(   2.6567383   13.0377750   -0.0000317)
(   2.6563718   13.0375605   -0.0000317)
(   2.6560059   13.0373449   -0.0000317)
(   2.6556392   13.0371294   -0.0000318)
(   2.6552730   13.0369139   -0.0000318)
(   2.6549065   13.0366993   -0.0000319)
(   2.6545403   13.0364838   -0.0000319)
(   2.6541741   13.0362682   -0.0000319)
(   2.6538076   13.0360527   -0.0000320)
(   2.6534414   13.0358381   -0.0000320)
(   2.6530750   13.0356236   -0.0000320)
(   2.6527088   13.0354080   -0.0000321)
(   2.7855268   13.2706518   -0.0000309)
(   2.7851641   13.2704239   -0.0000310)
(   2.7848015   13.2701950   -0.0000310)
(   2.7844388   13.2699661   -0.0000310)
(   2.7840765   13.2697363   -0.0000311)
(   2.7837138   13.2695074   -0.0000311)
(   2.7833514   13.2692785   -0.0000311)
(   2.7829888   13.2690496   -0.0000312)
(   2.7826266   13.2688208   -0.0000312)
(   2.7822640   13.2685909   -0.0000313)
(   2.7819014   13.2683620   -0.0000313)
(   2.7815390   13.2681332   -0.0000313)
(   2.7811763   13.2679043   -0.0000314)
(   2.7808137   13.2676744   -0.0000314)
(   2.7804513   13.2674456   -0.0000315)
(   2.7800887   13.2672167   -0.0000315)
(   2.7797263   13.2669878   -0.0000315)
(   2.7793639   13.2667599   -0.0000316)
(   2.7790012   13.2665300   -0.0000316)
(   2.7786388   13.2663012   -0.0000316)
(   2.7782764   13.2660723   -0.0000317)
(   2.7779136   13.2658434   -0.0000317)
(   2.7775512   13.2656145   -0.0000318)
(   2.7771885   13.2653847   -0.0000318)
(   2.7768261   13.2651558   -0.0000318)
(   2.7764637   13.2649269   -0.0000319)
(   2.7761011   13.2646980   -0.0000319)
(   2.7757385   13.2644701   -0.0000320)
(   2.7753763   13.2642403   -0.0000320)
(   2.7750137   13.2640114   -0.0000320)
(   2.9086223   13.4969664   -0.0000309)
(   2.9082651   13.4967175   -0.0000309)
(   2.9079080   13.4964676   -0.0000309)
(   2.9075508   13.4962177   -0.0000310)
(   2.9071937   13.4959688   -0.0000310)
(   2.9068363   13.4957190   -0.0000311)
(   2.9064794   13.4954691   -0.0000311)
(   2.9061220   13.4952192   -0.0000311)
(   2.9057651   13.4949694   -0.0000312)
(   2.9054077   13.4947195   -0.0000312)
(   2.9050508   13.4944696   -0.0000312)
(   2.9046936   13.4942207   -0.0000313)
(   2.9043365   13.4939709   -0.0000313)
(   2.9039791   13.4937220   -0.0000314)
(   2.9036219   13.4934721   -0.0000314)
(   2.9032650   13.4932222   -0.0000314)
(   2.9029078   13.4929724   -0.0000315)
(   2.9025505   13.4927225   -0.0000315)
(   2.9021933   13.4924726   -0.0000316)
(   2.9018364   13.4922237   -0.0000316)
(   2.9014792   13.4919739   -0.0000316)
(   2.9011219   13.4917240   -0.0000317)
(   2.9007647   13.4914751   -0.0000317)
(   2.9004078   13.4912252   -0.0000317)
(   2.9000504   13.4909754   -0.0000318)
(   2.8996933   13.4907255   -0.0000318)
(   2.8993361   13.4904766   -0.0000319)
(   2.8989792   13.4902267   -0.0000319)
(   2.8986218   13.4899769   -0.0000319)
(   2.8982649   13.4897270   -0.0000320)
(   3.0446141   13.6416693   -0.0000308)
(   3.0442648   13.6413908   -0.0000308)
(   3.0439153   13.6411142   -0.0000309)
(   3.0435660   13.6408358   -0.0000309)
(   3.0432167   13.6405582   -0.0000310)
(   3.0428674   13.6402798   -0.0000310)
(   3.0425181   13.6400032   -0.0000310)
(   3.0421689   13.6397247   -0.0000311)
(   3.0418198   13.6394472   -0.0000311)
(   3.0414703   13.6391687   -0.0000312)
(   3.0411210   13.6388922   -0.0000312)
(   3.0407715   13.6386147   -0.0000312)
(   3.0404224   13.6383362   -0.0000313)
(   3.0400732   13.6380596   -0.0000313)
(   3.0397239   13.6377811   -0.0000313)
(   3.0393746   13.6375036   -0.0000314)
(   3.0390255   13.6372252   -0.0000314)
(   3.0386760   13.6369486   -0.0000315)
(   3.0383267   13.6366701   -0.0000315)
(   3.0379772   13.6363926   -0.0000315)
(   3.0376282   13.6361141   -0.0000316)
(   3.0372789   13.6358376   -0.0000316)
(   3.0369296   13.6355600   -0.0000317)
(   3.0365803   13.6352825   -0.0000317)
(   3.0362310   13.6350050   -0.0000317)
(   3.0358818   13.6347275   -0.0000318)
(   3.0355325   13.6344490   -0.0000318)
(   3.0351830   13.6341715   -0.0000318)
(   3.0348337   13.6338940   -0.0000319)
(   3.0344844   13.6336164   -0.0000319)
(   3.1953576   13.6925497   -0.0000308)
(   3.1950185   13.6922398   -0.0000308)
(   3.1946790   13.6919317   -0.0000308)
(   3.1943395   13.6916227   -0.0000309)
(   3.1940000   13.6913147   -0.0000309)
(   3.1936607   13.6910048   -0.0000309)
(   3.1933212   13.6906977   -0.0000310)
(   3.1929817   13.6903887   -0.0000310)
(   3.1926422   13.6900797   -0.0000311)
(   3.1923027   13.6897707   -0.0000311)
(   3.1919634   13.6894617   -0.0000311)
(   3.1916239   13.6891537   -0.0000312)
(   3.1912847   13.6888447   -0.0000312)
(   3.1909451   13.6885357   -0.0000313)
(   3.1906059   13.6882267   -0.0000313)
(   3.1902661   13.6879187   -0.0000313)
(   3.1899266   13.6876097   -0.0000314)
(   3.1895871   13.6872997   -0.0000314)
(   3.1892481   13.6869917   -0.0000314)
(   3.1889083   13.6866827   -0.0000315)
(   3.1885688   13.6863747   -0.0000315)
(   3.1882293   13.6860647   -0.0000316)
(   3.1878901   13.6857567   -0.0000316)
(   3.1875508   13.6854477   -0.0000316)
(   3.1872113   13.6851397   -0.0000317)
(   3.1868718   13.6848307   -0.0000317)
(   3.1865325   13.6845226   -0.0000317)
(   3.1861930   13.6842136   -0.0000318)
(   3.1858535   13.6839046   -0.0000318)
(   3.1855140   13.6835957   -0.0000319)
(   3.3480446   13.7343674   -0.0000307)
(   3.3477135   13.7340336   -0.0000307)
(   3.3473823   13.7337008   -0.0000308)
(   3.3470511   13.7333670   -0.0000308)
(   3.3467202   13.7330341   -0.0000309)
(   3.3463891   13.7326994   -0.0000309)
(   3.3460581   13.7323666   -0.0000309)
(   3.3457270   13.7320337   -0.0000310)
(   3.3453960   13.7316999   -0.0000310)
(   3.3450649   13.7313662   -0.0000310)
(   3.3447337   13.7310324   -0.0000311)
(   3.3444026   13.7306995   -0.0000311)
(   3.3440716   13.7303667   -0.0000312)
(   3.3437405   13.7300320   -0.0000312)
(   3.3434095   13.7296991   -0.0000312)
(   3.3430784   13.7293653   -0.0000313)
(   3.3427472   13.7290325   -0.0000313)
(   3.3424160   13.7286997   -0.0000314)
(   3.3420851   13.7283659   -0.0000314)
(   3.3417540   13.7280331   -0.0000314)
(   3.3414228   13.7276993   -0.0000315)
(   3.3410919   13.7273664   -0.0000315)
(   3.3407609   13.7270327   -0.0000315)
(   3.3404298   13.7266989   -0.0000316)
(   3.3400984   13.7263660   -0.0000316)
(   3.3397675   13.7260323   -0.0000317)
(   3.3394365   13.7256985   -0.0000317)
(   3.3391054   13.7253656   -0.0000317)
(   3.3387742   13.7250319   -0.0000318)
(   3.3384433   13.7246990   -0.0000318)
(   3.5061343   13.7510548   -0.0000307)
(   3.5058069   13.7507162   -0.0000307)
(   3.5054798   13.7503767   -0.0000307)
(   3.5051529   13.7500381   -0.0000308)
(   3.5048256   13.7496996   -0.0000308)
(   3.5044985   13.7493591   -0.0000308)
(   3.5041714   13.7490206   -0.0000309)
(   3.5038440   13.7486830   -0.0000309)
(   3.5035172   13.7483435   -0.0000310)
(   3.5031898   13.7480049   -0.0000310)
(   3.5028627   13.7476664   -0.0000310)
(   3.5025356   13.7473259   -0.0000311)
(   3.5022085   13.7469873   -0.0000311)
(   3.5018814   13.7466488   -0.0000311)
(   3.5015543   13.7463093   -0.0000312)
(   3.5012269   13.7459707   -0.0000312)
(   3.5008996   13.7456322   -0.0000313)
(   3.5005729   13.7452917   -0.0000313)
(   3.5002456   13.7449532   -0.0000313)
(   3.4999182   13.7446146   -0.0000314)
(   3.4995914   13.7442751   -0.0000314)
(   3.4992642   13.7439365   -0.0000315)
(   3.4989369   13.7435980   -0.0000315)
(   3.4986100   13.7432575   -0.0000315)
(   3.4982827   13.7429199   -0.0000316)
(   3.4979556   13.7425814   -0.0000316)
(   3.4976285   13.7422419   -0.0000316)
(   3.4973013   13.7419033   -0.0000317)
(   3.4969740   13.7415648   -0.0000317)
(   3.4966469   13.7412243   -0.0000318)
(   3.6642060   13.7677412   -0.0000306)
(   3.6638827   13.7673969   -0.0000306)
(   3.6635594   13.7670527   -0.0000307)
(   3.6632364   13.7667074   -0.0000307)
(   3.6629131   13.7663631   -0.0000308)
(   3.6625898   13.7660189   -0.0000308)
(   3.6622665   13.7656746   -0.0000308)
(   3.6619434   13.7653294   -0.0000309)
(   3.6616204   13.7649851   -0.0000309)
(   3.6612968   13.7646399   -0.0000309)
(   3.6609738   13.7642956   -0.0000310)
(   3.6606505   13.7639503   -0.0000310)
(   3.6603274   13.7636061   -0.0000311)
(   3.6600041   13.7632627   -0.0000311)
(   3.6596808   13.7629185   -0.0000311)
(   3.6593578   13.7625732   -0.0000312)
(   3.6590345   13.7622290   -0.0000312)
(   3.6587112   13.7618847   -0.0000312)
(   3.6583881   13.7615404   -0.0000313)
(   3.6580648   13.7611942   -0.0000313)
(   3.6577413   13.7608500   -0.0000314)
(   3.6574185   13.7605057   -0.0000314)
(   3.6570952   13.7601614   -0.0000314)
(   3.6567721   13.7598162   -0.0000315)
(   3.6564486   13.7594719   -0.0000315)
(   3.6561255   13.7591276   -0.0000316)
(   3.6558025   13.7587833   -0.0000316)
(   3.6554790   13.7584381   -0.0000316)
(   3.6551559   13.7580938   -0.0000317)
(   3.6548326   13.7577496   -0.0000317)
(   3.8218818   13.7843847   -0.0000305)
(   3.8215623   13.7840347   -0.0000306)
(   3.8212428   13.7836838   -0.0000306)
(   3.8209238   13.7833347   -0.0000307)
(   3.8206043   13.7829847   -0.0000307)
(   3.8202848   13.7826347   -0.0000307)
(   3.8199656   13.7822847   -0.0000308)
(   3.8196466   13.7819347   -0.0000308)
(   3.8193276   13.7815838   -0.0000309)
(   3.8190081   13.7812338   -0.0000309)
(   3.8186886   13.7808838   -0.0000309)
(   3.8183696   13.7805338   -0.0000310)
(   3.8180504   13.7801838   -0.0000310)
(   3.8177309   13.7798328   -0.0000310)
(   3.8174114   13.7794828   -0.0000311)
(   3.8170924   13.7791328   -0.0000311)
(   3.8167729   13.7787828   -0.0000312)
(   3.8164539   13.7784328   -0.0000312)
(   3.8161345   13.7780828   -0.0000312)
(   3.8158157   13.7777328   -0.0000313)
(   3.8154962   13.7773829   -0.0000313)
(   3.8151767   13.7770329   -0.0000313)
(   3.8148572   13.7766829   -0.0000314)
(   3.8145382   13.7763329   -0.0000314)
(   3.8142188   13.7759819   -0.0000315)
(   3.8138995   13.7756319   -0.0000315)
(   3.8135805   13.7752819   -0.0000315)
(   3.8132615   13.7749319   -0.0000316)
(   3.8129420   13.7745819   -0.0000316)
(   3.8126225   13.7742319   -0.0000316)
(   3.9795566   13.8010292   -0.0000305)
(   3.9792411   13.8006744   -0.0000305)
(   3.9789262   13.8003187   -0.0000306)
(   3.9786110   13.7999630   -0.0000306)
(   3.9782956   13.7996073   -0.0000306)
(   3.9779799   13.7992516   -0.0000307)
(   3.9776649   13.7988958   -0.0000307)
(   3.9773493   13.7985401   -0.0000308)
(   3.9770339   13.7981844   -0.0000308)
(   3.9767189   13.7978296   -0.0000308)
(   3.9764032   13.7974730   -0.0000309)
(   3.9760878   13.7971172   -0.0000309)
(   3.9757731   13.7967625   -0.0000310)
(   3.9754577   13.7964067   -0.0000310)
(   3.9751420   13.7960510   -0.0000310)
(   3.9748271   13.7956953   -0.0000311)
(   3.9745116   13.7953396   -0.0000311)
(   3.9741960   13.7949839   -0.0000311)
(   3.9738805   13.7946281   -0.0000312)
(   3.9735653   13.7942715   -0.0000312)
(   3.9732499   13.7939157   -0.0000313)
(   3.9729350   13.7935600   -0.0000313)
(   3.9726198   13.7932043   -0.0000313)
(   3.9723043   13.7928495   -0.0000314)
(   3.9719887   13.7924938   -0.0000314)
(   3.9716737   13.7921391   -0.0000314)
(   3.9713581   13.7917833   -0.0000315)
(   3.9710426   13.7914276   -0.0000315)
(   3.9707277   13.7910709   -0.0000316)
(   3.9704120   13.7907152   -0.0000316)
(   4.1369061   13.8176403   -0.0000304)
(   4.1365948   13.8172789   -0.0000305)
(   4.1362834   13.8169174   -0.0000305)
(   4.1359720   13.8165560   -0.0000306)
(   4.1356606   13.8161955   -0.0000306)
(   4.1353493   13.8158340   -0.0000306)
(   4.1350384   13.8154726   -0.0000307)
(   4.1347265   13.8151112   -0.0000307)
(   4.1344151   13.8147497   -0.0000307)
(   4.1341038   13.8143892   -0.0000308)
(   4.1337924   13.8140278   -0.0000308)
(   4.1334805   13.8136663   -0.0000309)
(   4.1331697   13.8133049   -0.0000309)
(   4.1328578   13.8129425   -0.0000309)
(   4.1325474   13.8125820   -0.0000310)
(   4.1322355   13.8122215   -0.0000310)
(   4.1319242   13.8118601   -0.0000310)
(   4.1316128   13.8114986   -0.0000311)
(   4.1313014   13.8111372   -0.0000311)
(   4.1309896   13.8107767   -0.0000312)
(   4.1306787   13.8104153   -0.0000312)
(   4.1303668   13.8100538   -0.0000312)
(   4.1300554   13.8096924   -0.0000313)
(   4.1297445   13.8093309   -0.0000313)
(   4.1294332   13.8089705   -0.0000314)
(   4.1291213   13.8086090   -0.0000314)
(   4.1288104   13.8082476   -0.0000314)
(   4.1284986   13.8078861   -0.0000315)
(   4.1281877   13.8075247   -0.0000315)
(   4.1278758   13.8071642   -0.0000315)
(   4.2941852   13.8342428   -0.0000304)
(   4.2938781   13.8338757   -0.0000304)
(   4.2935705   13.8335085   -0.0000305)
(   4.2932625   13.8331413   -0.0000305)
(   4.2929554   13.8327761   -0.0000305)
(   4.2926478   13.8324089   -0.0000306)
(   4.2923408   13.8320417   -0.0000306)
(   4.2920332   13.8316755   -0.0000307)
(   4.2917261   13.8313084   -0.0000307)
(   4.2914186   13.8309412   -0.0000307)
(   4.2911110   13.8305750   -0.0000308)
(   4.2908034   13.8302078   -0.0000308)
(   4.2904959   13.8298416   -0.0000308)
(   4.2901888   13.8294744   -0.0000309)
(   4.2898808   13.8291082   -0.0000309)
(   4.2895737   13.8287411   -0.0000310)
(   4.2892666   13.8283739   -0.0000310)
(   4.2889590   13.8280077   -0.0000310)
(   4.2886515   13.8276405   -0.0000311)
(   4.2883439   13.8272734   -0.0000311)
(   4.2880368   13.8269081   -0.0000311)
(   4.2877288   13.8265409   -0.0000312)
(   4.2874217   13.8261738   -0.0000312)
(   4.2871141   13.8258066   -0.0000313)
(   4.2868066   13.8254404   -0.0000313)
(   4.2864995   13.8250732   -0.0000313)
(   4.2861919   13.8247061   -0.0000314)
(   4.2858849   13.8243399   -0.0000314)
(   4.2855768   13.8239727   -0.0000314)
(   4.2852693   13.8236055   -0.0000315)
(   4.4512153   13.8508186   -0.0000303)
(   4.4509120   13.8504477   -0.0000304)
(   4.4506083   13.8500748   -0.0000304)
(   4.4503045   13.8497019   -0.0000305)
(   4.4500012   13.8493299   -0.0000305)
(   4.4496975   13.8489571   -0.0000305)
(   4.4493937   13.8485851   -0.0000306)
(   4.4490900   13.8482122   -0.0000306)
(   4.4487872   13.8478394   -0.0000306)
(   4.4484835   13.8474674   -0.0000307)
(   4.4481802   13.8470964   -0.0000307)
(   4.4478765   13.8467245   -0.0000308)
(   4.4475732   13.8463516   -0.0000308)
(   4.4472694   13.8459797   -0.0000308)
(   4.4469662   13.8456068   -0.0000309)
(   4.4466624   13.8452339   -0.0000309)
(   4.4463592   13.8448620   -0.0000309)
(   4.4460559   13.8444891   -0.0000310)
(   4.4457526   13.8441172   -0.0000310)
(   4.4454489   13.8437452   -0.0000311)
(   4.4451451   13.8433733   -0.0000311)
(   4.4448414   13.8430004   -0.0000311)
(   4.4445381   13.8426275   -0.0000312)
(   4.4442344   13.8422556   -0.0000312)
(   4.4439311   13.8418827   -0.0000312)
(   4.4436274   13.8415108   -0.0000313)
(   4.4433246   13.8411388   -0.0000313)
(   4.4430208   13.8407660   -0.0000314)
(   4.4427176   13.8403950   -0.0000314)
(   4.4424138   13.8400221   -0.0000314)
(   4.6080766   13.8673792   -0.0000303)
(   4.6077771   13.8670015   -0.0000303)
(   4.6074777   13.8666229   -0.0000304)
(   4.6071777   13.8662453   -0.0000304)
(   4.6068783   13.8658667   -0.0000304)
(   4.6065788   13.8654900   -0.0000305)
(   4.6062794   13.8651123   -0.0000305)
(   4.6059794   13.8647337   -0.0000306)
(   4.6056805   13.8643560   -0.0000306)
(   4.6053805   13.8639774   -0.0000306)
(   4.6050811   13.8635998   -0.0000307)
(   4.6047821   13.8632221   -0.0000307)
(   4.6044822   13.8628445   -0.0000307)
(   4.6041827   13.8624659   -0.0000308)
(   4.6038828   13.8620882   -0.0000308)
(   4.6035833   13.8617105   -0.0000309)
(   4.6032834   13.8613338   -0.0000309)
(   4.6029840   13.8609562   -0.0000309)
(   4.6026850   13.8605776   -0.0000310)
(   4.6023855   13.8601999   -0.0000310)
(   4.6020856   13.8598213   -0.0000310)
(   4.6017861   13.8594437   -0.0000311)
(   4.6014867   13.8590660   -0.0000311)
(   4.6011868   13.8586884   -0.0000312)
(   4.6008873   13.8583097   -0.0000312)
(   4.6005874   13.8579321   -0.0000312)
(   4.6002884   13.8575535   -0.0000313)
(   4.5999889   13.8571768   -0.0000313)
(   4.5996895   13.8567991   -0.0000313)
(   4.5993896   13.8564205   -0.0000314)
)
;

// ************************************************************************* //
