      900
(
  285.794586    
  285.794250    
  285.793945    
  285.793640    
  285.793304    
  285.792999    
  285.792664    
  285.792358    
  285.792053    
  285.791718    
  285.791412    
  285.791077    
  285.790771    
  285.790466    
  285.790131    
  285.789825    
  285.789490    
  285.789185    
  285.788879    
  285.788544    
  285.788239    
  285.787903    
  285.787598    
  285.787292    
  285.786957    
  285.786652    
  285.786316    
  285.786011    
  285.785706    
  285.785370    
  285.832306    
  285.832001    
  285.831696    
  285.831390    
  285.831055    
  285.830750    
  285.830444    
  285.830109    
  285.829803    
  285.829498    
  285.829163    
  285.828857    
  285.828552    
  285.828247    
  285.827911    
  285.827606    
  285.827301    
  285.826965    
  285.826660    
  285.826355    
  285.826050    
  285.825714    
  285.825409    
  285.825104    
  285.824768    
  285.824463    
  285.824158    
  285.823853    
  285.823517    
  285.823212    
  285.958832    
  285.958557    
  285.958252    
  285.957947    
  285.957642    
  285.957336    
  285.957031    
  285.956726    
  285.956421    
  285.956116    
  285.955811    
  285.955505    
  285.955200    
  285.954895    
  285.954590    
  285.954285    
  285.953979    
  285.953705    
  285.953400    
  285.953094    
  285.952789    
  285.952484    
  285.952179    
  285.951874    
  285.951569    
  285.951263    
  285.950958    
  285.950653    
  285.950348    
  285.950043    
  286.085388    
  286.085114    
  286.084808    
  286.084534    
  286.084229    
  286.083923    
  286.083649    
  286.083344    
  286.083069    
  286.082764    
  286.082458    
  286.082184    
  286.081879    
  286.081604    
  286.081299    
  286.081024    
  286.080719    
  286.080414    
  286.080139    
  286.079834    
  286.079559    
  286.079254    
  286.078949    
  286.078674    
  286.078369    
  286.078094    
  286.077789    
  286.077515    
  286.077209    
  286.076904    
  286.211945    
  286.211670    
  286.211395    
  286.211121    
  286.210846    
  286.210541    
  286.210266    
  286.209991    
  286.209717    
  286.209412    
  286.209137    
  286.208862    
  286.208588    
  286.208282    
  286.208008    
  286.207733    
  286.207458    
  286.207184    
  286.206879    
  286.206604    
  286.206329    
  286.206055    
  286.205750    
  286.205475    
  286.205200    
  286.204926    
  286.204620    
  286.204346    
  286.204071    
  286.203796    
  286.338531    
  286.338257    
  286.337982    
  286.337708    
  286.337433    
  286.337158    
  286.336884    
  286.336639    
  286.336365    
  286.336090    
  286.335815    
  286.335541    
  286.335266    
  286.334991    
  286.334717    
  286.334473    
  286.334198    
  286.333923    
  286.333649    
  286.333374    
  286.333099    
  286.332825    
  286.332550    
  286.332306    
  286.332031    
  286.331757    
  286.331482    
  286.331207    
  286.330933    
  286.330658    
  286.465088    
  286.464844    
  286.464569    
  286.464294    
  286.464050    
  286.463776    
  286.463531    
  286.463257    
  286.463013    
  286.462738    
  286.462494    
  286.462219    
  286.461975    
  286.461700    
  286.461456    
  286.461182    
  286.460938    
  286.460663    
  286.460419    
  286.460144    
  286.459900    
  286.459625    
  286.459381    
  286.459106    
  286.458862    
  286.458588    
  286.458313    
  286.458069    
  286.457794    
  286.457550    
  286.591675    
  286.591400    
  286.591156    
  286.590912    
  286.590668    
  286.590424    
  286.590179    
  286.589905    
  286.589661    
  286.589417    
  286.589172    
  286.588928    
  286.588684    
  286.588409    
  286.588165    
  286.587921    
  286.587677    
  286.587433    
  286.587189    
  286.586914    
  286.586670    
  286.586426    
  286.586182    
  286.585938    
  286.585693    
  286.585419    
  286.585175    
  286.584930    
  286.584686    
  286.584442    
  286.718262    
  286.718018    
  286.717773    
  286.717560    
  286.717316    
  286.717072    
  286.716827    
  286.716583    
  286.716370    
  286.716125    
  286.715881    
  286.715637    
  286.715393    
  286.715149    
  286.714935    
  286.714691    
  286.714447    
  286.714203    
  286.713959    
  286.713745    
  286.713501    
  286.713257    
  286.713013    
  286.712769    
  286.712524    
  286.712311    
  286.712067    
  286.711823    
  286.711578    
  286.711334    
  286.844879    
  286.844666    
  286.844421    
  286.844208    
  286.843964    
  286.843750    
  286.843536    
  286.843292    
  286.843079    
  286.842834    
  286.842621    
  286.842377    
  286.842163    
  286.841919    
  286.841705    
  286.841461    
  286.841248    
  286.841003    
  286.840790    
  286.840546    
  286.840332    
  286.840118    
  286.839874    
  286.839661    
  286.839417    
  286.839203    
  286.838959    
  286.838745    
  286.838501    
  286.838287    
  286.971558    
  286.971344    
  286.971130    
  286.970886    
  286.970673    
  286.970459    
  286.970245    
  286.970032    
  286.969818    
  286.969604    
  286.969391    
  286.969177    
  286.968933    
  286.968719    
  286.968506    
  286.968292    
  286.968079    
  286.967865    
  286.967651    
  286.967438    
  286.967224    
  286.966980    
  286.966766    
  286.966553    
  286.966339    
  286.966125    
  286.965912    
  286.965698    
  286.965485    
  286.965240    
  287.098206    
  287.097992    
  287.097778    
  287.097595    
  287.097382    
  287.097168    
  287.096954    
  287.096741    
  287.096558    
  287.096344    
  287.096130    
  287.095917    
  287.095734    
  287.095520    
  287.095306    
  287.095093    
  287.094910    
  287.094696    
  287.094482    
  287.094269    
  287.094086    
  287.093872    
  287.093658    
  287.093445    
  287.093231    
  287.093048    
  287.092834    
  287.092621    
  287.092407    
  287.092224    
  287.224854    
  287.224670    
  287.224487    
  287.224274    
  287.224091    
  287.223877    
  287.223694    
  287.223511    
  287.223297    
  287.223114    
  287.222900    
  287.222717    
  287.222504    
  287.222321    
  287.222137    
  287.221924    
  287.221741    
  287.221527    
  287.221344    
  287.221161    
  287.220947    
  287.220764    
  287.220551    
  287.220367    
  287.220184    
  287.219971    
  287.219788    
  287.219574    
  287.219391    
  287.219177    
  287.351562    
  287.351379    
  287.351196    
  287.351013    
  287.350830    
  287.350647    
  287.350464    
  287.350281    
  287.350098    
  287.349915    
  287.349731    
  287.349548    
  287.349365    
  287.349182    
  287.348999    
  287.348816    
  287.348633    
  287.348419    
  287.348236    
  287.348053    
  287.347870    
  287.347687    
  287.347504    
  287.347321    
  287.347137    
  287.346954    
  287.346771    
  287.346588    
  287.346405    
  287.346222    
  287.478302    
  287.478119    
  287.477936    
  287.477753    
  287.477600    
  287.477417    
  287.477234    
  287.477081    
  287.476898    
  287.476715    
  287.476532    
  287.476379    
  287.476196    
  287.476013    
  287.475861    
  287.475677    
  287.475494    
  287.475311    
  287.475159    
  287.474976    
  287.474792    
  287.474640    
  287.474457    
  287.474274    
  287.474121    
  287.473938    
  287.473755    
  287.473572    
  287.473419    
  287.473236    
  287.605072    
  287.604889    
  287.604736    
  287.604584    
  287.604401    
  287.604248    
  287.604095    
  287.603912    
  287.603760    
  287.603607    
  287.603424    
  287.603271    
  287.603088    
  287.602936    
  287.602783    
  287.602600    
  287.602448    
  287.602295    
  287.602112    
  287.601959    
  287.601807    
  287.601624    
  287.601471    
  287.601318    
  287.601135    
  287.600983    
  287.600800    
  287.600647    
  287.600494    
  287.600311    
  287.731812    
  287.731659    
  287.731506    
  287.731354    
  287.731201    
  287.731049    
  287.730896    
  287.730743    
  287.730591    
  287.730438    
  287.730286    
  287.730133    
  287.729980    
  287.729828    
  287.729675    
  287.729523    
  287.729370    
  287.729218    
  287.729065    
  287.728912    
  287.728760    
  287.728607    
  287.728455    
  287.728302    
  287.728149    
  287.727997    
  287.727844    
  287.727661    
  287.727509    
  287.727356    
  287.858643    
  287.858490    
  287.858337    
  287.858215    
  287.858063    
  287.857910    
  287.857788    
  287.857635    
  287.857483    
  287.857361    
  287.857208    
  287.857086    
  287.856934    
  287.856781    
  287.856659    
  287.856506    
  287.856354    
  287.856232    
  287.856079    
  287.855927    
  287.855804    
  287.855652    
  287.855499    
  287.855377    
  287.855225    
  287.855103    
  287.854950    
  287.854797    
  287.854675    
  287.854523    
  287.985504    
  287.985382    
  287.985260    
  287.985138    
  287.984985    
  287.984863    
  287.984741    
  287.984619    
  287.984467    
  287.984344    
  287.984222    
  287.984070    
  287.983948    
  287.983826    
  287.983704    
  287.983551    
  287.983429    
  287.983307    
  287.983185    
  287.983032    
  287.982910    
  287.982788    
  287.982666    
  287.982513    
  287.982391    
  287.982269    
  287.982117    
  287.981995    
  287.981873    
  287.981750    
  288.121490    
  288.121368    
  288.121246    
  288.121124    
  288.120972    
  288.120850    
  288.120728    
  288.120605    
  288.120483    
  288.120331    
  288.120209    
  288.120087    
  288.119965    
  288.119843    
  288.119690    
  288.119568    
  288.119446    
  288.119324    
  288.119171    
  288.119049    
  288.118927    
  288.118805    
  288.118683    
  288.118530    
  288.118408    
  288.118286    
  288.118164    
  288.118042    
  288.117889    
  288.117767    
  288.268005    
  288.267853    
  288.267731    
  288.267578    
  288.267456    
  288.267303    
  288.267181    
  288.267029    
  288.266907    
  288.266754    
  288.266632    
  288.266479    
  288.266357    
  288.266205    
  288.266083    
  288.265930    
  288.265808    
  288.265656    
  288.265503    
  288.265381    
  288.265228    
  288.265106    
  288.264954    
  288.264832    
  288.264679    
  288.264557    
  288.264404    
  288.264282    
  288.264130    
  288.264008    
  288.415466    
  288.415314    
  288.415161    
  288.415009    
  288.414856    
  288.414703    
  288.414581    
  288.414429    
  288.414276    
  288.414124    
  288.413971    
  288.413818    
  288.413666    
  288.413513    
  288.413391    
  288.413239    
  288.413086    
  288.412933    
  288.412781    
  288.412628    
  288.412476    
  288.412354    
  288.412201    
  288.412048    
  288.411896    
  288.411743    
  288.411591    
  288.411438    
  288.411316    
  288.411163    
  288.565491    
  288.565338    
  288.565186    
  288.565002    
  288.564850    
  288.564697    
  288.564545    
  288.564362    
  288.564209    
  288.564056    
  288.563873    
  288.563721    
  288.563568    
  288.563385    
  288.563232    
  288.563080    
  288.562897    
  288.562744    
  288.562592    
  288.562408    
  288.562256    
  288.562103    
  288.561920    
  288.561768    
  288.561615    
  288.561462    
  288.561279    
  288.561127    
  288.560974    
  288.560791    
  288.715546    
  288.715363    
  288.715179    
  288.715027    
  288.714844    
  288.714661    
  288.714478    
  288.714325    
  288.714142    
  288.713959    
  288.713776    
  288.713623    
  288.713440    
  288.713257    
  288.713074    
  288.712891    
  288.712738    
  288.712555    
  288.712372    
  288.712189    
  288.712036    
  288.711853    
  288.711670    
  288.711487    
  288.711334    
  288.711151    
  288.710968    
  288.710785    
  288.710632    
  288.710449    
  288.865601    
  288.865417    
  288.865204    
  288.865021    
  288.864838    
  288.864655    
  288.864441    
  288.864258    
  288.864075    
  288.863892    
  288.863708    
  288.863495    
  288.863312    
  288.863129    
  288.862946    
  288.862732    
  288.862549    
  288.862366    
  288.862183    
  288.862000    
  288.861786    
  288.861603    
  288.861420    
  288.861237    
  288.861053    
  288.860840    
  288.860657    
  288.860474    
  288.860291    
  288.860077    
  289.015625    
  289.015411    
  289.015228    
  289.015015    
  289.014801    
  289.014618    
  289.014404    
  289.014191    
  289.014008    
  289.013794    
  289.013580    
  289.013397    
  289.013184    
  289.012970    
  289.012787    
  289.012573    
  289.012360    
  289.012177    
  289.011963    
  289.011749    
  289.011566    
  289.011353    
  289.011139    
  289.010956    
  289.010742    
  289.010529    
  289.010345    
  289.010132    
  289.009918    
  289.009735    
  289.165680    
  289.165466    
  289.165253    
  289.165039    
  289.164825    
  289.164612    
  289.164398    
  289.164185    
  289.163940    
  289.163727    
  289.163513    
  289.163300    
  289.163086    
  289.162872    
  289.162659    
  289.162445    
  289.162231    
  289.161987    
  289.161774    
  289.161560    
  289.161346    
  289.161133    
  289.160919    
  289.160706    
  289.160492    
  289.160248    
  289.160034    
  289.159821    
  289.159607    
  289.159393    
  289.315765    
  289.315521    
  289.315308    
  289.315063    
  289.314819    
  289.314606    
  289.314362    
  289.314148    
  289.313904    
  289.313690    
  289.313446    
  289.313202    
  289.312988    
  289.312744    
  289.312531    
  289.312286    
  289.312073    
  289.311829    
  289.311615    
  289.311371    
  289.311127    
  289.310913    
  289.310669    
  289.310455    
  289.310211    
  289.309998    
  289.309753    
  289.309509    
  289.309296    
  289.309052    
  289.465790    
  289.465546    
  289.465302    
  289.465057    
  289.464813    
  289.464569    
  289.464325    
  289.464081    
  289.463837    
  289.463593    
  289.463348    
  289.463104    
  289.462860    
  289.462616    
  289.462372    
  289.462128    
  289.461884    
  289.461639    
  289.461395    
  289.461151    
  289.460907    
  289.460663    
  289.460419    
  289.460175    
  289.459930    
  289.459686    
  289.459442    
  289.459198    
  289.458954    
  289.458710    
  289.615845    
  289.615570    
  289.615326    
  289.615082    
  289.614807    
  289.614563    
  289.614288    
  289.614044    
  289.613770    
  289.613525    
  289.613251    
  289.613007    
  289.612732    
  289.612488    
  289.612213    
  289.611969    
  289.611694    
  289.611450    
  289.611206    
  289.610931    
  289.610687    
  289.610413    
  289.610168    
  289.609894    
  289.609650    
  289.609375    
  289.609131    
  289.608856    
  289.608612    
  289.608337    
)
;


// ************************************************************************* //
