      900
(
  76316.9844    
  76317.0156    
  76317.0391    
  76317.0703    
  76317.1016    
  76317.1250    
  76317.1562    
  76317.1797    
  76317.2109    
  76317.2422    
  76317.2734    
  76317.2969    
  76317.3203    
  76317.3516    
  76317.3828    
  76317.4141    
  76317.4453    
  76317.4688    
  76317.4922    
  76317.5234    
  76317.5547    
  76317.5859    
  76317.6094    
  76317.6406    
  76317.6719    
  76317.6953    
  76317.7266    
  76317.7500    
  76317.7812    
  76317.8125    
  76184.3750    
  76184.4062    
  76184.4297    
  76184.4609    
  76184.4844    
  76184.5156    
  76184.5469    
  76184.5781    
  76184.6016    
  76184.6250    
  76184.6562    
  76184.6875    
  76184.7188    
  76184.7422    
  76184.7734    
  76184.7969    
  76184.8281    
  76184.8594    
  76184.8828    
  76184.9141    
  76184.9453    
  76184.9688    
  76185.0000    
  76185.0234    
  76185.0547    
  76185.0859    
  76185.1172    
  76185.1406    
  76185.1719    
  76185.1953    
  76056.2109    
  76056.2344    
  76056.2656    
  76056.2969    
  76056.3281    
  76056.3516    
  76056.3828    
  76056.4062    
  76056.4375    
  76056.4688    
  76056.4922    
  76056.5234    
  76056.5547    
  76056.5781    
  76056.6094    
  76056.6406    
  76056.6641    
  76056.6953    
  76056.7266    
  76056.7500    
  76056.7812    
  76056.8047    
  76056.8359    
  76056.8672    
  76056.8984    
  76056.9219    
  76056.9453    
  76056.9766    
  76057.0078    
  76057.0391    
  75931.9609    
  75931.9844    
  75932.0156    
  75932.0391    
  75932.0703    
  75932.1016    
  75932.1328    
  75932.1562    
  75932.1797    
  75932.2109    
  75932.2422    
  75932.2734    
  75932.2969    
  75932.3203    
  75932.3516    
  75932.3828    
  75932.4141    
  75932.4453    
  75932.4688    
  75932.4922    
  75932.5234    
  75932.5547    
  75932.5859    
  75932.6094    
  75932.6406    
  75932.6641    
  75932.6953    
  75932.7266    
  75932.7500    
  75932.7812    
  75819.0781    
  75819.1094    
  75819.1328    
  75819.1641    
  75819.1875    
  75819.2188    
  75819.2500    
  75819.2812    
  75819.3047    
  75819.3281    
  75819.3594    
  75819.3906    
  75819.4219    
  75819.4531    
  75819.4766    
  75819.5000    
  75819.5312    
  75819.5625    
  75819.5938    
  75819.6172    
  75819.6406    
  75819.6719    
  75819.7031    
  75819.7344    
  75819.7578    
  75819.7812    
  75819.8125    
  75819.8438    
  75819.8750    
  75819.8984    
  75679.6562    
  75679.6875    
  75679.7109    
  75679.7422    
  75679.7734    
  75679.7969    
  75679.8281    
  75679.8594    
  75679.8828    
  75679.9062    
  75679.9375    
  75679.9688    
  75680.0000    
  75680.0234    
  75680.0469    
  75680.0781    
  75680.1094    
  75680.1406    
  75680.1641    
  75680.1875    
  75680.2188    
  75680.2500    
  75680.2812    
  75680.3047    
  75680.3281    
  75680.3594    
  75680.3906    
  75680.4219    
  75680.4453    
  75680.4688    
  75545.0234    
  75545.0469    
  75545.0703    
  75545.1016    
  75545.1328    
  75545.1641    
  75545.1875    
  75545.2109    
  75545.2422    
  75545.2734    
  75545.3047    
  75545.3359    
  75545.3594    
  75545.3828    
  75545.4141    
  75545.4453    
  75545.4766    
  75545.5000    
  75545.5234    
  75545.5547    
  75545.5859    
  75545.6172    
  75545.6406    
  75545.6641    
  75545.6953    
  75545.7266    
  75545.7578    
  75545.7812    
  75545.8047    
  75545.8359    
  75412.9453    
  75412.9766    
  75413.0078    
  75413.0312    
  75413.0625    
  75413.0859    
  75413.1172    
  75413.1484    
  75413.1719    
  75413.2031    
  75413.2266    
  75413.2578    
  75413.2812    
  75413.3125    
  75413.3438    
  75413.3672    
  75413.3984    
  75413.4219    
  75413.4531    
  75413.4844    
  75413.5078    
  75413.5391    
  75413.5625    
  75413.5938    
  75413.6250    
  75413.6484    
  75413.6797    
  75413.7031    
  75413.7344    
  75413.7656    
  75268.4922    
  75268.5234    
  75268.5547    
  75268.5781    
  75268.6094    
  75268.6328    
  75268.6641    
  75268.6875    
  75268.7188    
  75268.7500    
  75268.7734    
  75268.8047    
  75268.8281    
  75268.8594    
  75268.8906    
  75268.9141    
  75268.9375    
  75268.9688    
  75269.0000    
  75269.0312    
  75269.0547    
  75269.0859    
  75269.1094    
  75269.1406    
  75269.1719    
  75269.1953    
  75269.2266    
  75269.2500    
  75269.2812    
  75269.3047    
  75123.9688    
  75123.9922    
  75124.0234    
  75124.0547    
  75124.0859    
  75124.1094    
  75124.1328    
  75124.1641    
  75124.1953    
  75124.2266    
  75124.2500    
  75124.2812    
  75124.3047    
  75124.3359    
  75124.3672    
  75124.3906    
  75124.4219    
  75124.4453    
  75124.4766    
  75124.5000    
  75124.5312    
  75124.5625    
  75124.5859    
  75124.6172    
  75124.6406    
  75124.6719    
  75124.7031    
  75124.7266    
  75124.7500    
  75124.7812    
  74996.1484    
  74996.1719    
  74996.2031    
  74996.2344    
  74996.2656    
  74996.2891    
  74996.3125    
  74996.3438    
  74996.3750    
  74996.3984    
  74996.4297    
  74996.4609    
  74996.4844    
  74996.5078    
  74996.5391    
  74996.5703    
  74996.6016    
  74996.6250    
  74996.6484    
  74996.6797    
  74996.7109    
  74996.7422    
  74996.7656    
  74996.7891    
  74996.8203    
  74996.8516    
  74996.8750    
  74996.9062    
  74996.9297    
  74996.9609    
  74868.1172    
  74868.1484    
  74868.1797    
  74868.2031    
  74868.2344    
  74868.2578    
  74868.2891    
  74868.3125    
  74868.3438    
  74868.3750    
  74868.3984    
  74868.4297    
  74868.4531    
  74868.4844    
  74868.5156    
  74868.5391    
  74868.5703    
  74868.5938    
  74868.6250    
  74868.6562    
  74868.6797    
  74868.7109    
  74868.7344    
  74868.7656    
  74868.7891    
  74868.8203    
  74868.8516    
  74868.8750    
  74868.8984    
  74868.9297    
  74737.1250    
  74737.1484    
  74737.1719    
  74737.2031    
  74737.2344    
  74737.2656    
  74737.2891    
  74737.3125    
  74737.3438    
  74737.3750    
  74737.3984    
  74737.4297    
  74737.4531    
  74737.4844    
  74737.5078    
  74737.5391    
  74737.5703    
  74737.5938    
  74737.6172    
  74737.6484    
  74737.6797    
  74737.7109    
  74737.7344    
  74737.7578    
  74737.7891    
  74737.8203    
  74737.8516    
  74737.8750    
  74737.9062    
  74737.9297    
  74606.1172    
  74606.1484    
  74606.1719    
  74606.1953    
  74606.2266    
  74606.2578    
  74606.2891    
  74606.3125    
  74606.3438    
  74606.3672    
  74606.3984    
  74606.4219    
  74606.4531    
  74606.4844    
  74606.5078    
  74606.5312    
  74606.5625    
  74606.5938    
  74606.6250    
  74606.6484    
  74606.6719    
  74606.7031    
  74606.7266    
  74606.7578    
  74606.7891    
  74606.8125    
  74606.8359    
  74606.8672    
  74606.8984    
  74606.9297    
  74478.3047    
  74478.3359    
  74478.3594    
  74478.3906    
  74478.4219    
  74478.4453    
  74478.4766    
  74478.5000    
  74478.5312    
  74478.5547    
  74478.5859    
  74478.6172    
  74478.6406    
  74478.6641    
  74478.6953    
  74478.7266    
  74478.7578    
  74478.7812    
  74478.8047    
  74478.8359    
  74478.8672    
  74478.8906    
  74478.9219    
  74478.9453    
  74478.9766    
  74479.0000    
  74479.0312    
  74479.0625    
  74479.0859    
  74479.1094    
  74350.7188    
  74350.7500    
  74350.7734    
  74350.8047    
  74350.8281    
  74350.8594    
  74350.8906    
  74350.9141    
  74350.9375    
  74350.9688    
  74351.0000    
  74351.0234    
  74351.0547    
  74351.0781    
  74351.1094    
  74351.1328    
  74351.1641    
  74351.1953    
  74351.2188    
  74351.2422    
  74351.2734    
  74351.3047    
  74351.3281    
  74351.3594    
  74351.3906    
  74351.4141    
  74351.4375    
  74351.4688    
  74351.5000    
  74351.5234    
  74222.1641    
  74222.1953    
  74222.2188    
  74222.2422    
  74222.2734    
  74222.3047    
  74222.3359    
  74222.3594    
  74222.3828    
  74222.4141    
  74222.4375    
  74222.4688    
  74222.5000    
  74222.5234    
  74222.5469    
  74222.5781    
  74222.6094    
  74222.6328    
  74222.6641    
  74222.6875    
  74222.7188    
  74222.7422    
  74222.7734    
  74222.8047    
  74222.8281    
  74222.8594    
  74222.8828    
  74222.9141    
  74222.9375    
  74222.9688    
  74093.1406    
  74093.1719    
  74093.2031    
  74093.2266    
  74093.2578    
  74093.2812    
  74093.3047    
  74093.3359    
  74093.3672    
  74093.3984    
  74093.4219    
  74093.4453    
  74093.4766    
  74093.5000    
  74093.5312    
  74093.5625    
  74093.5859    
  74093.6172    
  74093.6406    
  74093.6719    
  74093.6953    
  74093.7266    
  74093.7578    
  74093.7812    
  74093.8047    
  74093.8359    
  74093.8672    
  74093.8906    
  74093.9219    
  74093.9453    
  73963.2812    
  73963.3047    
  73963.3359    
  73963.3672    
  73963.3906    
  73963.4219    
  73963.4453    
  73963.4688    
  73963.5000    
  73963.5312    
  73963.5625    
  73963.5859    
  73963.6172    
  73963.6406    
  73963.6641    
  73963.6953    
  73963.7266    
  73963.7500    
  73963.7812    
  73963.8047    
  73963.8281    
  73963.8594    
  73963.8906    
  73963.9219    
  73963.9453    
  73963.9688    
  73964.0000    
  73964.0234    
  73964.0547    
  73964.0859    
  73832.6875    
  73832.7109    
  73832.7422    
  73832.7656    
  73832.7969    
  73832.8281    
  73832.8516    
  73832.8828    
  73832.9062    
  73832.9297    
  73832.9609    
  73832.9922    
  73833.0156    
  73833.0469    
  73833.0703    
  73833.0938    
  73833.1250    
  73833.1562    
  73833.1797    
  73833.2109    
  73833.2344    
  73833.2578    
  73833.2891    
  73833.3203    
  73833.3438    
  73833.3750    
  73833.3984    
  73833.4219    
  73833.4531    
  73833.4844    
  73703.4531    
  73703.4766    
  73703.5000    
  73703.5312    
  73703.5547    
  73703.5859    
  73703.6172    
  73703.6406    
  73703.6641    
  73703.6953    
  73703.7188    
  73703.7500    
  73703.7812    
  73703.8047    
  73703.8281    
  73703.8594    
  73703.8828    
  73703.9141    
  73703.9453    
  73703.9688    
  73703.9922    
  73704.0234    
  73704.0469    
  73704.0781    
  73704.1094    
  73704.1328    
  73704.1641    
  73704.1875    
  73704.2109    
  73704.2422    
  73576.2969    
  73576.3281    
  73576.3516    
  73576.3828    
  73576.4141    
  73576.4375    
  73576.4609    
  73576.4922    
  73576.5156    
  73576.5469    
  73576.5781    
  73576.6016    
  73576.6250    
  73576.6562    
  73576.6797    
  73576.7109    
  73576.7344    
  73576.7656    
  73576.7891    
  73576.8125    
  73576.8438    
  73576.8750    
  73576.8984    
  73576.9297    
  73576.9531    
  73576.9766    
  73577.0078    
  73577.0391    
  73577.0625    
  73577.0938    
  73448.7734    
  73448.7969    
  73448.8281    
  73448.8516    
  73448.8750    
  73448.9062    
  73448.9297    
  73448.9609    
  73448.9922    
  73449.0156    
  73449.0391    
  73449.0703    
  73449.0938    
  73449.1250    
  73449.1562    
  73449.1797    
  73449.2031    
  73449.2266    
  73449.2578    
  73449.2891    
  73449.3125    
  73449.3438    
  73449.3750    
  73449.3984    
  73449.4219    
  73449.4531    
  73449.4766    
  73449.5078    
  73449.5391    
  73449.5625    
  73318.4922    
  73318.5156    
  73318.5469    
  73318.5703    
  73318.5938    
  73318.6250    
  73318.6562    
  73318.6797    
  73318.7109    
  73318.7344    
  73318.7578    
  73318.7891    
  73318.8125    
  73318.8438    
  73318.8750    
  73318.8984    
  73318.9219    
  73318.9531    
  73318.9766    
  73319.0078    
  73319.0312    
  73319.0625    
  73319.0859    
  73319.1094    
  73319.1406    
  73319.1719    
  73319.1953    
  73319.2266    
  73319.2500    
  73319.2812    
  73188.2109    
  73188.2344    
  73188.2578    
  73188.2891    
  73188.3203    
  73188.3438    
  73188.3750    
  73188.3984    
  73188.4219    
  73188.4531    
  73188.4766    
  73188.5078    
  73188.5391    
  73188.5625    
  73188.5938    
  73188.6172    
  73188.6406    
  73188.6719    
  73188.6953    
  73188.7266    
  73188.7578    
  73188.7812    
  73188.8047    
  73188.8281    
  73188.8594    
  73188.8906    
  73188.9141    
  73188.9453    
  73188.9688    
  73188.9922    
  73061.2422    
  73061.2656    
  73061.2891    
  73061.3203    
  73061.3438    
  73061.3750    
  73061.3984    
  73061.4297    
  73061.4609    
  73061.4844    
  73061.5078    
  73061.5391    
  73061.5625    
  73061.5938    
  73061.6172    
  73061.6484    
  73061.6719    
  73061.6953    
  73061.7266    
  73061.7500    
  73061.7812    
  73061.8125    
  73061.8359    
  73061.8594    
  73061.8906    
  73061.9141    
  73061.9453    
  73061.9688    
  73062.0000    
  73062.0234    
  72934.3906    
  72934.4141    
  72934.4453    
  72934.4688    
  72934.4922    
  72934.5234    
  72934.5469    
  72934.5781    
  72934.6094    
  72934.6328    
  72934.6562    
  72934.6797    
  72934.7109    
  72934.7422    
  72934.7656    
  72934.7969    
  72934.8203    
  72934.8438    
  72934.8750    
  72934.8984    
  72934.9297    
  72934.9531    
  72934.9844    
  72935.0078    
  72935.0391    
  72935.0625    
  72935.0859    
  72935.1172    
  72935.1484    
  72935.1719    
  72806.5391    
  72806.5703    
  72806.5938    
  72806.6250    
  72806.6484    
  72806.6719    
  72806.7031    
  72806.7266    
  72806.7578    
  72806.7812    
  72806.8125    
  72806.8359    
  72806.8594    
  72806.8906    
  72806.9141    
  72806.9453    
  72806.9688    
  72807.0000    
  72807.0234    
  72807.0469    
  72807.0781    
  72807.1016    
  72807.1328    
  72807.1641    
  72807.1875    
  72807.2188    
  72807.2422    
  72807.2656    
  72807.2891    
  72807.3203    
  72678.2266    
  72678.2578    
  72678.2812    
  72678.3047    
  72678.3359    
  72678.3594    
  72678.3906    
  72678.4141    
  72678.4453    
  72678.4688    
  72678.4922    
  72678.5234    
  72678.5469    
  72678.5781    
  72678.6094    
  72678.6328    
  72678.6641    
  72678.6875    
  72678.7109    
  72678.7344    
  72678.7656    
  72678.7969    
  72678.8203    
  72678.8516    
  72678.8750    
  72678.8984    
  72678.9219    
  72678.9531    
  72678.9844    
  72679.0078    
  72550.0312    
  72550.0547    
  72550.0859    
  72550.1094    
  72550.1406    
  72550.1641    
  72550.1953    
  72550.2266    
  72550.2500    
  72550.2734    
  72550.2969    
  72550.3281    
  72550.3516    
  72550.3828    
  72550.4062    
  72550.4375    
  72550.4609    
  72550.4844    
  72550.5156    
  72550.5391    
  72550.5703    
  72550.5938    
  72550.6250    
  72550.6484    
  72550.6719    
  72550.7031    
  72550.7266    
  72550.7578    
  72550.7812    
  72550.8125    
)
;


// ************************************************************************* //
