      900
(
(   0.8045775    9.4484777   -0.0000329)
(   0.8044947    9.4485121   -0.0000328)
(   0.8044119    9.4485455   -0.0000328)
(   0.8043290    9.4485779   -0.0000327)
(   0.8042462    9.4486122   -0.0000327)
(   0.8041633    9.4486456   -0.0000327)
(   0.8040805    9.4486799   -0.0000326)
(   0.8039976    9.4487133   -0.0000326)
(   0.8039148    9.4487467   -0.0000326)
(   0.8038319    9.4487801   -0.0000325)
(   0.8037491    9.4488134   -0.0000325)
(   0.8036663    9.4488478   -0.0000325)
(   0.8035835    9.4488802   -0.0000324)
(   0.8035007    9.4489145   -0.0000324)
(   0.8034177    9.4489479   -0.0000324)
(   0.8033350    9.4489822   -0.0000323)
(   0.8032521    9.4490147   -0.0000323)
(   0.8031693    9.4490490   -0.0000322)
(   0.8030864    9.4490824   -0.0000322)
(   0.8030036    9.4491158   -0.0000322)
(   0.8029208    9.4491501   -0.0000321)
(   0.8028378    9.4491825   -0.0000321)
(   0.8027551    9.4492168   -0.0000321)
(   0.8026721    9.4492493   -0.0000320)
(   0.8025894    9.4492836   -0.0000320)
(   0.8025065    9.4493160   -0.0000320)
(   0.8024237    9.4493504   -0.0000319)
(   0.8023409    9.4493837   -0.0000319)
(   0.8022580    9.4494171   -0.0000319)
(   0.8021752    9.4494505   -0.0000318)
(   0.8411444    9.5190010   -0.0000328)
(   0.8410603    9.5190344   -0.0000328)
(   0.8409762    9.5190678   -0.0000327)
(   0.8408922    9.5191002   -0.0000327)
(   0.8408081    9.5191336   -0.0000327)
(   0.8407241    9.5191669   -0.0000326)
(   0.8406401    9.5191994   -0.0000326)
(   0.8405560    9.5192337   -0.0000325)
(   0.8404719    9.5192661   -0.0000325)
(   0.8403879    9.5192986   -0.0000325)
(   0.8403039    9.5193329   -0.0000324)
(   0.8402198    9.5193653   -0.0000324)
(   0.8401358    9.5193987   -0.0000324)
(   0.8400517    9.5194321   -0.0000323)
(   0.8399677    9.5194654   -0.0000323)
(   0.8398836    9.5194979   -0.0000323)
(   0.8397995    9.5195312   -0.0000322)
(   0.8397156    9.5195646   -0.0000322)
(   0.8396316    9.5195971   -0.0000322)
(   0.8395475    9.5196314   -0.0000321)
(   0.8394634    9.5196638   -0.0000321)
(   0.8393793    9.5196953   -0.0000321)
(   0.8392952    9.5197296   -0.0000320)
(   0.8392112    9.5197620   -0.0000320)
(   0.8391272    9.5197964   -0.0000319)
(   0.8390431    9.5198288   -0.0000319)
(   0.8389592    9.5198612   -0.0000319)
(   0.8388751    9.5198956   -0.0000318)
(   0.8387910    9.5199280   -0.0000318)
(   0.8387070    9.5199614   -0.0000318)
(   0.9637911    9.7555361   -0.0000327)
(   0.9637029    9.7555666   -0.0000327)
(   0.9636146    9.7555990   -0.0000327)
(   0.9635265    9.7556305   -0.0000326)
(   0.9634383    9.7556620   -0.0000326)
(   0.9633503    9.7556944   -0.0000326)
(   0.9632621    9.7557249   -0.0000325)
(   0.9631740    9.7557564   -0.0000325)
(   0.9630858    9.7557888   -0.0000325)
(   0.9629977    9.7558203   -0.0000324)
(   0.9629095    9.7558517   -0.0000324)
(   0.9628214    9.7558832   -0.0000324)
(   0.9627331    9.7559147   -0.0000323)
(   0.9626451    9.7559462   -0.0000323)
(   0.9625570    9.7559786   -0.0000322)
(   0.9624689    9.7560101   -0.0000322)
(   0.9623806    9.7560406   -0.0000322)
(   0.9622926    9.7560730   -0.0000321)
(   0.9622043    9.7561045   -0.0000321)
(   0.9621162    9.7561359   -0.0000321)
(   0.9620280    9.7561684   -0.0000320)
(   0.9619398    9.7561989   -0.0000320)
(   0.9618518    9.7562304   -0.0000320)
(   0.9617636    9.7562628   -0.0000319)
(   0.9616755    9.7562943   -0.0000319)
(   0.9615873    9.7563257   -0.0000319)
(   0.9614992    9.7563572   -0.0000318)
(   0.9614109    9.7563887   -0.0000318)
(   0.9613228    9.7564201   -0.0000318)
(   0.9612346    9.7564526   -0.0000317)
(   1.0862852    9.9917755   -0.0000327)
(   1.0861930    9.9918060   -0.0000326)
(   1.0861007    9.9918365   -0.0000326)
(   1.0860084    9.9918661   -0.0000326)
(   1.0859160    9.9918966   -0.0000325)
(   1.0858239    9.9919262   -0.0000325)
(   1.0857316    9.9919567   -0.0000325)
(   1.0856394    9.9919863   -0.0000324)
(   1.0855472    9.9920168   -0.0000324)
(   1.0854549    9.9920464   -0.0000324)
(   1.0853628    9.9920769   -0.0000323)
(   1.0852705    9.9921074   -0.0000323)
(   1.0851783    9.9921370   -0.0000323)
(   1.0850860    9.9921665   -0.0000322)
(   1.0849937    9.9921970   -0.0000322)
(   1.0849015    9.9922276   -0.0000322)
(   1.0848094    9.9922571   -0.0000321)
(   1.0847172    9.9922867   -0.0000321)
(   1.0846249    9.9923182   -0.0000320)
(   1.0845326    9.9923477   -0.0000320)
(   1.0844404    9.9923773   -0.0000320)
(   1.0843481    9.9924068   -0.0000319)
(   1.0842558    9.9924383   -0.0000319)
(   1.0841635    9.9924679   -0.0000319)
(   1.0840714    9.9924974   -0.0000318)
(   1.0839791    9.9925280   -0.0000318)
(   1.0838869    9.9925585   -0.0000318)
(   1.0837947    9.9925880   -0.0000317)
(   1.0837024    9.9926186   -0.0000317)
(   1.0836102    9.9926491   -0.0000317)
(   1.2086946   10.2278538   -0.0000326)
(   1.2085983   10.2278824   -0.0000326)
(   1.2085018   10.2279100   -0.0000326)
(   1.2084056   10.2279387   -0.0000325)
(   1.2083093   10.2279673   -0.0000325)
(   1.2082130   10.2279959   -0.0000325)
(   1.2081167   10.2280245   -0.0000324)
(   1.2080202   10.2280531   -0.0000324)
(   1.2079240   10.2280817   -0.0000323)
(   1.2078276   10.2281103   -0.0000323)
(   1.2077314   10.2281389   -0.0000323)
(   1.2076350   10.2281675   -0.0000322)
(   1.2075386   10.2281961   -0.0000322)
(   1.2074424   10.2282248   -0.0000322)
(   1.2073460   10.2282534   -0.0000321)
(   1.2072498   10.2282810   -0.0000321)
(   1.2071533   10.2283096   -0.0000321)
(   1.2070570   10.2283392   -0.0000320)
(   1.2069608   10.2283678   -0.0000320)
(   1.2068644   10.2283964   -0.0000320)
(   1.2067682   10.2284241   -0.0000319)
(   1.2066717   10.2284527   -0.0000319)
(   1.2065754   10.2284813   -0.0000319)
(   1.2064791   10.2285109   -0.0000318)
(   1.2063828   10.2285385   -0.0000318)
(   1.2062865   10.2285671   -0.0000317)
(   1.2061901   10.2285957   -0.0000317)
(   1.2060938   10.2286243   -0.0000317)
(   1.2059975   10.2286539   -0.0000316)
(   1.2059011   10.2286816   -0.0000316)
(   1.3309846   10.4637012   -0.0000326)
(   1.3308842   10.4637289   -0.0000325)
(   1.3307837   10.4637556   -0.0000325)
(   1.3306835   10.4637823   -0.0000325)
(   1.3305830   10.4638100   -0.0000324)
(   1.3304826   10.4638367   -0.0000324)
(   1.3303822   10.4638634   -0.0000324)
(   1.3302817   10.4638901   -0.0000323)
(   1.3301814   10.4639187   -0.0000323)
(   1.3300810   10.4639454   -0.0000323)
(   1.3299805   10.4639721   -0.0000322)
(   1.3298802   10.4639988   -0.0000322)
(   1.3297797   10.4640265   -0.0000322)
(   1.3296794   10.4640532   -0.0000321)
(   1.3295790   10.4640799   -0.0000321)
(   1.3294785   10.4641075   -0.0000320)
(   1.3293781   10.4641342   -0.0000320)
(   1.3292778   10.4641609   -0.0000320)
(   1.3291774   10.4641886   -0.0000319)
(   1.3290770   10.4642162   -0.0000319)
(   1.3289765   10.4642429   -0.0000319)
(   1.3288761   10.4642696   -0.0000318)
(   1.3287758   10.4642963   -0.0000318)
(   1.3286753   10.4643240   -0.0000318)
(   1.3285749   10.4643507   -0.0000317)
(   1.3284745   10.4643774   -0.0000317)
(   1.3283741   10.4644051   -0.0000317)
(   1.3282738   10.4644318   -0.0000316)
(   1.3281733   10.4644594   -0.0000316)
(   1.3280729   10.4644861   -0.0000316)
(   1.4530836   10.6991796   -0.0000325)
(   1.4529792   10.6992054   -0.0000325)
(   1.4528749   10.6992302   -0.0000324)
(   1.4527705   10.6992559   -0.0000324)
(   1.4526658   10.6992817   -0.0000324)
(   1.4525614   10.6993074   -0.0000323)
(   1.4524570   10.6993332   -0.0000323)
(   1.4523524   10.6993580   -0.0000323)
(   1.4522480   10.6993837   -0.0000322)
(   1.4521437   10.6994095   -0.0000322)
(   1.4520391   10.6994352   -0.0000322)
(   1.4519346   10.6994610   -0.0000321)
(   1.4518301   10.6994858   -0.0000321)
(   1.4517257   10.6995115   -0.0000321)
(   1.4516212   10.6995373   -0.0000320)
(   1.4515166   10.6995621   -0.0000320)
(   1.4514123   10.6995878   -0.0000320)
(   1.4513079   10.6996136   -0.0000319)
(   1.4512033   10.6996393   -0.0000319)
(   1.4510989   10.6996651   -0.0000319)
(   1.4509945   10.6996908   -0.0000318)
(   1.4508898   10.6997166   -0.0000318)
(   1.4507854   10.6997414   -0.0000317)
(   1.4506811   10.6997671   -0.0000317)
(   1.4505767   10.6997929   -0.0000317)
(   1.4504721   10.6998186   -0.0000316)
(   1.4503677   10.6998444   -0.0000316)
(   1.4502631   10.6998692   -0.0000316)
(   1.4501586   10.6998949   -0.0000315)
(   1.4500542   10.6999207   -0.0000315)
(   1.5751026   10.9345007   -0.0000325)
(   1.5749942   10.9345245   -0.0000324)
(   1.5748856   10.9345493   -0.0000324)
(   1.5747770   10.9345732   -0.0000324)
(   1.5746685   10.9345970   -0.0000323)
(   1.5745599   10.9346218   -0.0000323)
(   1.5744514   10.9346457   -0.0000323)
(   1.5743430   10.9346695   -0.0000322)
(   1.5742345   10.9346933   -0.0000322)
(   1.5741259   10.9347172   -0.0000321)
(   1.5740174   10.9347410   -0.0000321)
(   1.5739088   10.9347658   -0.0000321)
(   1.5738003   10.9347897   -0.0000320)
(   1.5736917   10.9348135   -0.0000320)
(   1.5735832   10.9348373   -0.0000320)
(   1.5734748   10.9348621   -0.0000319)
(   1.5733662   10.9348860   -0.0000319)
(   1.5732577   10.9349098   -0.0000319)
(   1.5731491   10.9349346   -0.0000318)
(   1.5730406   10.9349585   -0.0000318)
(   1.5729320   10.9349823   -0.0000318)
(   1.5728236   10.9350071   -0.0000317)
(   1.5727150   10.9350309   -0.0000317)
(   1.5726066   10.9350548   -0.0000317)
(   1.5724981   10.9350796   -0.0000316)
(   1.5723896   10.9351034   -0.0000316)
(   1.5722810   10.9351273   -0.0000316)
(   1.5721725   10.9351511   -0.0000315)
(   1.5720640   10.9351749   -0.0000315)
(   1.5719554   10.9351988   -0.0000314)
(   1.6969930   11.1695728   -0.0000324)
(   1.6968803   11.1695957   -0.0000324)
(   1.6967677   11.1696186   -0.0000323)
(   1.6966553   11.1696405   -0.0000323)
(   1.6965427   11.1696634   -0.0000323)
(   1.6964301   11.1696863   -0.0000322)
(   1.6963174   11.1697083   -0.0000322)
(   1.6962049   11.1697311   -0.0000322)
(   1.6960924   11.1697540   -0.0000321)
(   1.6959797   11.1697760   -0.0000321)
(   1.6958672   11.1697989   -0.0000321)
(   1.6957548   11.1698217   -0.0000320)
(   1.6956421   11.1698446   -0.0000320)
(   1.6955295   11.1698675   -0.0000320)
(   1.6954168   11.1698895   -0.0000319)
(   1.6953044   11.1699114   -0.0000319)
(   1.6951917   11.1699343   -0.0000318)
(   1.6950792   11.1699572   -0.0000318)
(   1.6949666   11.1699800   -0.0000318)
(   1.6948540   11.1700029   -0.0000317)
(   1.6947415   11.1700258   -0.0000317)
(   1.6946288   11.1700468   -0.0000317)
(   1.6945162   11.1700697   -0.0000316)
(   1.6944039   11.1700926   -0.0000316)
(   1.6942912   11.1701155   -0.0000316)
(   1.6941786   11.1701384   -0.0000315)
(   1.6940659   11.1701612   -0.0000315)
(   1.6939535   11.1701832   -0.0000315)
(   1.6938409   11.1702061   -0.0000314)
(   1.6937282   11.1702280   -0.0000314)
(   1.8186786   11.4042501   -0.0000324)
(   1.8185620   11.4042721   -0.0000323)
(   1.8184453   11.4042931   -0.0000323)
(   1.8183289   11.4043140   -0.0000322)
(   1.8182120   11.4043360   -0.0000322)
(   1.8180954   11.4043560   -0.0000322)
(   1.8179787   11.4043770   -0.0000321)
(   1.8178622   11.4043989   -0.0000321)
(   1.8177457   11.4044199   -0.0000321)
(   1.8176291   11.4044418   -0.0000320)
(   1.8175126   11.4044619   -0.0000320)
(   1.8173958   11.4044828   -0.0000320)
(   1.8172793   11.4045048   -0.0000319)
(   1.8171625   11.4045258   -0.0000319)
(   1.8170459   11.4045477   -0.0000319)
(   1.8169295   11.4045677   -0.0000318)
(   1.8168128   11.4045887   -0.0000318)
(   1.8166962   11.4046106   -0.0000318)
(   1.8165793   11.4046316   -0.0000317)
(   1.8164629   11.4046526   -0.0000317)
(   1.8163460   11.4046736   -0.0000317)
(   1.8162298   11.4046946   -0.0000316)
(   1.8161132   11.4047165   -0.0000316)
(   1.8159965   11.4047375   -0.0000315)
(   1.8158799   11.4047585   -0.0000315)
(   1.8157632   11.4047794   -0.0000315)
(   1.8156466   11.4048004   -0.0000314)
(   1.8155299   11.4048214   -0.0000314)
(   1.8154134   11.4048433   -0.0000314)
(   1.8152969   11.4048634   -0.0000313)
(   1.9403160   11.6388378   -0.0000323)
(   1.9401954   11.6388578   -0.0000323)
(   1.9400747   11.6388769   -0.0000322)
(   1.9399543   11.6388969   -0.0000322)
(   1.9398335   11.6389160   -0.0000322)
(   1.9397130   11.6389351   -0.0000321)
(   1.9395921   11.6389551   -0.0000321)
(   1.9394716   11.6389751   -0.0000321)
(   1.9393508   11.6389952   -0.0000320)
(   1.9392302   11.6390142   -0.0000320)
(   1.9391094   11.6390343   -0.0000319)
(   1.9389889   11.6390543   -0.0000319)
(   1.9388683   11.6390734   -0.0000319)
(   1.9387475   11.6390934   -0.0000318)
(   1.9386270   11.6391134   -0.0000318)
(   1.9385061   11.6391335   -0.0000318)
(   1.9383858   11.6391525   -0.0000317)
(   1.9382651   11.6391726   -0.0000317)
(   1.9381444   11.6391916   -0.0000317)
(   1.9380237   11.6392107   -0.0000316)
(   1.9379032   11.6392307   -0.0000316)
(   1.9377823   11.6392508   -0.0000316)
(   1.9376618   11.6392708   -0.0000315)
(   1.9375410   11.6392899   -0.0000315)
(   1.9374204   11.6393099   -0.0000315)
(   1.9372996   11.6393299   -0.0000314)
(   1.9371791   11.6393490   -0.0000314)
(   1.9370582   11.6393690   -0.0000314)
(   1.9369379   11.6393890   -0.0000313)
(   1.9368172   11.6394091   -0.0000313)
(   2.0617833   11.8730993   -0.0000322)
(   2.0616584   11.8731174   -0.0000322)
(   2.0615339   11.8731356   -0.0000322)
(   2.0614090   11.8731546   -0.0000321)
(   2.0612843   11.8731718   -0.0000321)
(   2.0611598   11.8731909   -0.0000321)
(   2.0610349   11.8732090   -0.0000320)
(   2.0609105   11.8732271   -0.0000320)
(   2.0607855   11.8732452   -0.0000320)
(   2.0606613   11.8732643   -0.0000319)
(   2.0605364   11.8732815   -0.0000319)
(   2.0604119   11.8733006   -0.0000319)
(   2.0602872   11.8733177   -0.0000318)
(   2.0601625   11.8733358   -0.0000318)
(   2.0600379   11.8733549   -0.0000318)
(   2.0599129   11.8733721   -0.0000317)
(   2.0597885   11.8733912   -0.0000317)
(   2.0596635   11.8734093   -0.0000316)
(   2.0595391   11.8734274   -0.0000316)
(   2.0594141   11.8734455   -0.0000316)
(   2.0592897   11.8734646   -0.0000315)
(   2.0591652   11.8734818   -0.0000315)
(   2.0590403   11.8735008   -0.0000315)
(   2.0589159   11.8735189   -0.0000314)
(   2.0587909   11.8735371   -0.0000314)
(   2.0586665   11.8735542   -0.0000314)
(   2.0585415   11.8735723   -0.0000313)
(   2.0584171   11.8735905   -0.0000313)
(   2.0582922   11.8736095   -0.0000313)
(   2.0581677   11.8736267   -0.0000312)
(   2.1832495   12.1073608   -0.0000322)
(   2.1831210   12.1073771   -0.0000322)
(   2.1829920   12.1073942   -0.0000321)
(   2.1828637   12.1074104   -0.0000321)
(   2.1827347   12.1074276   -0.0000320)
(   2.1826062   12.1074448   -0.0000320)
(   2.1824777   12.1074610   -0.0000320)
(   2.1823487   12.1074781   -0.0000319)
(   2.1822202   12.1074944   -0.0000319)
(   2.1820912   12.1075115   -0.0000319)
(   2.1819627   12.1075277   -0.0000318)
(   2.1818340   12.1075449   -0.0000318)
(   2.1817052   12.1075621   -0.0000318)
(   2.1815765   12.1075783   -0.0000317)
(   2.1814480   12.1075954   -0.0000317)
(   2.1813192   12.1076126   -0.0000317)
(   2.1811907   12.1076298   -0.0000316)
(   2.1810617   12.1076460   -0.0000316)
(   2.1809332   12.1076632   -0.0000316)
(   2.1808045   12.1076794   -0.0000315)
(   2.1806757   12.1076965   -0.0000315)
(   2.1805472   12.1077137   -0.0000315)
(   2.1804183   12.1077299   -0.0000314)
(   2.1802897   12.1077471   -0.0000314)
(   2.1801608   12.1077633   -0.0000314)
(   2.1800325   12.1077805   -0.0000313)
(   2.1799035   12.1077967   -0.0000313)
(   2.1797750   12.1078138   -0.0000312)
(   2.1796465   12.1078310   -0.0000312)
(   2.1795175   12.1078472   -0.0000312)
(   2.3044405   12.3410826   -0.0000321)
(   2.3043079   12.3410988   -0.0000321)
(   2.3041751   12.3411131   -0.0000321)
(   2.3040423   12.3411293   -0.0000320)
(   2.3039098   12.3411446   -0.0000320)
(   2.3037770   12.3411598   -0.0000320)
(   2.3036444   12.3411751   -0.0000319)
(   2.3035119   12.3411903   -0.0000319)
(   2.3033791   12.3412056   -0.0000319)
(   2.3032463   12.3412218   -0.0000318)
(   2.3031137   12.3412361   -0.0000318)
(   2.3029809   12.3412523   -0.0000317)
(   2.3028481   12.3412676   -0.0000317)
(   2.3027155   12.3412828   -0.0000317)
(   2.3025827   12.3412981   -0.0000316)
(   2.3024499   12.3413143   -0.0000316)
(   2.3023174   12.3413286   -0.0000316)
(   2.3021848   12.3413448   -0.0000315)
(   2.3020520   12.3413591   -0.0000315)
(   2.3019195   12.3413754   -0.0000315)
(   2.3017867   12.3413906   -0.0000314)
(   2.3016541   12.3414059   -0.0000314)
(   2.3015213   12.3414211   -0.0000314)
(   2.3013885   12.3414373   -0.0000313)
(   2.3012559   12.3414516   -0.0000313)
(   2.3011231   12.3414669   -0.0000313)
(   2.3009903   12.3414822   -0.0000312)
(   2.3008578   12.3414974   -0.0000312)
(   2.3007250   12.3415136   -0.0000312)
(   2.3005924   12.3415279   -0.0000311)
(   2.4256308   12.5748053   -0.0000321)
(   2.4254942   12.5748196   -0.0000320)
(   2.4253576   12.5748339   -0.0000320)
(   2.4252210   12.5748472   -0.0000320)
(   2.4250841   12.5748615   -0.0000319)
(   2.4249473   12.5748758   -0.0000319)
(   2.4248106   12.5748892   -0.0000319)
(   2.4246740   12.5749035   -0.0000318)
(   2.4245374   12.5749168   -0.0000318)
(   2.4244008   12.5749311   -0.0000318)
(   2.4242640   12.5749454   -0.0000317)
(   2.4241273   12.5749588   -0.0000317)
(   2.4239905   12.5749731   -0.0000317)
(   2.4238539   12.5749865   -0.0000316)
(   2.4237173   12.5750017   -0.0000316)
(   2.4235804   12.5750151   -0.0000316)
(   2.4234436   12.5750284   -0.0000315)
(   2.4233069   12.5750427   -0.0000315)
(   2.4231703   12.5750561   -0.0000315)
(   2.4230340   12.5750713   -0.0000314)
(   2.4228969   12.5750847   -0.0000314)
(   2.4227602   12.5750980   -0.0000313)
(   2.4226236   12.5751123   -0.0000313)
(   2.4224870   12.5751257   -0.0000313)
(   2.4223502   12.5751410   -0.0000312)
(   2.4222133   12.5751543   -0.0000312)
(   2.4220767   12.5751686   -0.0000312)
(   2.4219401   12.5751820   -0.0000311)
(   2.4218032   12.5751963   -0.0000311)
(   2.4216666   12.5752106   -0.0000311)
(   2.5466051   12.8081150   -0.0000320)
(   2.5464642   12.8081284   -0.0000320)
(   2.5463233   12.8081408   -0.0000320)
(   2.5461826   12.8081522   -0.0000319)
(   2.5460420   12.8081646   -0.0000319)
(   2.5459013   12.8081779   -0.0000318)
(   2.5457606   12.8081903   -0.0000318)
(   2.5456200   12.8082027   -0.0000318)
(   2.5454791   12.8082151   -0.0000317)
(   2.5453384   12.8082275   -0.0000317)
(   2.5451980   12.8082409   -0.0000317)
(   2.5450573   12.8082533   -0.0000316)
(   2.5449166   12.8082657   -0.0000316)
(   2.5447760   12.8082790   -0.0000316)
(   2.5446353   12.8082905   -0.0000315)
(   2.5444944   12.8083029   -0.0000315)
(   2.5443537   12.8083153   -0.0000315)
(   2.5442131   12.8083286   -0.0000314)
(   2.5440724   12.8083410   -0.0000314)
(   2.5439317   12.8083534   -0.0000314)
(   2.5437913   12.8083658   -0.0000313)
(   2.5436506   12.8083782   -0.0000313)
(   2.5435097   12.8083906   -0.0000313)
(   2.5433691   12.8084040   -0.0000312)
(   2.5432284   12.8084164   -0.0000312)
(   2.5430877   12.8084278   -0.0000312)
(   2.5429471   12.8084412   -0.0000311)
(   2.5428064   12.8084536   -0.0000311)
(   2.5426655   12.8084660   -0.0000311)
(   2.5425248   12.8084793   -0.0000310)
(   2.6675272   13.0413275   -0.0000320)
(   2.6673825   13.0413399   -0.0000319)
(   2.6672380   13.0413504   -0.0000319)
(   2.6670933   13.0413618   -0.0000319)
(   2.6669486   13.0413723   -0.0000318)
(   2.6668038   13.0413837   -0.0000318)
(   2.6666591   13.0413952   -0.0000318)
(   2.6665144   13.0414057   -0.0000317)
(   2.6663699   13.0414181   -0.0000317)
(   2.6662252   13.0414286   -0.0000317)
(   2.6660805   13.0414400   -0.0000316)
(   2.6659360   13.0414505   -0.0000316)
(   2.6657910   13.0414629   -0.0000316)
(   2.6656463   13.0414734   -0.0000315)
(   2.6655016   13.0414839   -0.0000315)
(   2.6653571   13.0414953   -0.0000314)
(   2.6652124   13.0415068   -0.0000314)
(   2.6650677   13.0415182   -0.0000314)
(   2.6649230   13.0415287   -0.0000313)
(   2.6647782   13.0415401   -0.0000313)
(   2.6646338   13.0415516   -0.0000313)
(   2.6644893   13.0415621   -0.0000312)
(   2.6643445   13.0415735   -0.0000312)
(   2.6641998   13.0415840   -0.0000312)
(   2.6640551   13.0415964   -0.0000311)
(   2.6639104   13.0416069   -0.0000311)
(   2.6637657   13.0416183   -0.0000311)
(   2.6636212   13.0416288   -0.0000310)
(   2.6634765   13.0416403   -0.0000310)
(   2.6633317   13.0416517   -0.0000310)
(   2.7898803   13.2702627   -0.0000319)
(   2.7897303   13.2702770   -0.0000319)
(   2.7895801   13.2702904   -0.0000318)
(   2.7894301   13.2703037   -0.0000318)
(   2.7892797   13.2703171   -0.0000318)
(   2.7891295   13.2703304   -0.0000317)
(   2.7889795   13.2703428   -0.0000317)
(   2.7888293   13.2703571   -0.0000317)
(   2.7886794   13.2703705   -0.0000316)
(   2.7885289   13.2703838   -0.0000316)
(   2.7883792   13.2703972   -0.0000316)
(   2.7882290   13.2704105   -0.0000315)
(   2.7880788   13.2704239   -0.0000315)
(   2.7879286   13.2704372   -0.0000315)
(   2.7877784   13.2704515   -0.0000314)
(   2.7876284   13.2704649   -0.0000314)
(   2.7874782   13.2704782   -0.0000314)
(   2.7873282   13.2704916   -0.0000313)
(   2.7871778   13.2705050   -0.0000313)
(   2.7870276   13.2705183   -0.0000313)
(   2.7868779   13.2705326   -0.0000312)
(   2.7867277   13.2705460   -0.0000312)
(   2.7865775   13.2705593   -0.0000312)
(   2.7864273   13.2705717   -0.0000311)
(   2.7862773   13.2705851   -0.0000311)
(   2.7861271   13.2705984   -0.0000311)
(   2.7859766   13.2706118   -0.0000310)
(   2.7858267   13.2706261   -0.0000310)
(   2.7856765   13.2706394   -0.0000309)
(   2.7855268   13.2706518   -0.0000309)
(   2.9131620   13.4964409   -0.0000319)
(   2.9130056   13.4964590   -0.0000318)
(   2.9128489   13.4964771   -0.0000318)
(   2.9126925   13.4964952   -0.0000318)
(   2.9125359   13.4965134   -0.0000317)
(   2.9123793   13.4965315   -0.0000317)
(   2.9122231   13.4965496   -0.0000317)
(   2.9120662   13.4965677   -0.0000316)
(   2.9119098   13.4965858   -0.0000316)
(   2.9117532   13.4966040   -0.0000315)
(   2.9115965   13.4966221   -0.0000315)
(   2.9114401   13.4966402   -0.0000315)
(   2.9112835   13.4966583   -0.0000314)
(   2.9111271   13.4966774   -0.0000314)
(   2.9109704   13.4966955   -0.0000314)
(   2.9108138   13.4967136   -0.0000313)
(   2.9106574   13.4967318   -0.0000313)
(   2.9105008   13.4967499   -0.0000313)
(   2.9103444   13.4967680   -0.0000312)
(   2.9101877   13.4967861   -0.0000312)
(   2.9100311   13.4968042   -0.0000312)
(   2.9098747   13.4968224   -0.0000311)
(   2.9097178   13.4968405   -0.0000311)
(   2.9095614   13.4968586   -0.0000311)
(   2.9094048   13.4968767   -0.0000310)
(   2.9092484   13.4968948   -0.0000310)
(   2.9090919   13.4969130   -0.0000310)
(   2.9089353   13.4969311   -0.0000309)
(   2.9087789   13.4969492   -0.0000309)
(   2.9086223   13.4969664   -0.0000309)
(   3.0493410   13.6405554   -0.0000318)
(   3.0491781   13.6405935   -0.0000318)
(   3.0490153   13.6406326   -0.0000317)
(   3.0488520   13.6406708   -0.0000317)
(   3.0486889   13.6407089   -0.0000317)
(   3.0485260   13.6407480   -0.0000316)
(   3.0483630   13.6407862   -0.0000316)
(   3.0481999   13.6408243   -0.0000316)
(   3.0480371   13.6408634   -0.0000315)
(   3.0478740   13.6409016   -0.0000315)
(   3.0477111   13.6409397   -0.0000315)
(   3.0475481   13.6409788   -0.0000314)
(   3.0473850   13.6410160   -0.0000314)
(   3.0472219   13.6410542   -0.0000314)
(   3.0470591   13.6410933   -0.0000313)
(   3.0468960   13.6411314   -0.0000313)
(   3.0467329   13.6411695   -0.0000313)
(   3.0465698   13.6412086   -0.0000312)
(   3.0464067   13.6412468   -0.0000312)
(   3.0462439   13.6412849   -0.0000312)
(   3.0460811   13.6413240   -0.0000311)
(   3.0459180   13.6413622   -0.0000311)
(   3.0457549   13.6414003   -0.0000310)
(   3.0455921   13.6414394   -0.0000310)
(   3.0454290   13.6414766   -0.0000310)
(   3.0452657   13.6415148   -0.0000309)
(   3.0451028   13.6415539   -0.0000309)
(   3.0449398   13.6415920   -0.0000309)
(   3.0447769   13.6416302   -0.0000308)
(   3.0446141   13.6416693   -0.0000308)
(   3.2002895   13.6902361   -0.0000318)
(   3.2001195   13.6903162   -0.0000317)
(   3.1999495   13.6903954   -0.0000317)
(   3.1997793   13.6904755   -0.0000316)
(   3.1996093   13.6905556   -0.0000316)
(   3.1994393   13.6906357   -0.0000316)
(   3.1992693   13.6907139   -0.0000315)
(   3.1990991   13.6907940   -0.0000315)
(   3.1989291   13.6908741   -0.0000315)
(   3.1987591   13.6909542   -0.0000314)
(   3.1985888   13.6910334   -0.0000314)
(   3.1984189   13.6911125   -0.0000314)
(   3.1982489   13.6911926   -0.0000313)
(   3.1980784   13.6912727   -0.0000313)
(   3.1979086   13.6913519   -0.0000313)
(   3.1977386   13.6914320   -0.0000312)
(   3.1975687   13.6915112   -0.0000312)
(   3.1973984   13.6915913   -0.0000312)
(   3.1972284   13.6916714   -0.0000311)
(   3.1970584   13.6917515   -0.0000311)
(   3.1968882   13.6918316   -0.0000311)
(   3.1967180   13.6919107   -0.0000310)
(   3.1965482   13.6919899   -0.0000310)
(   3.1963782   13.6920700   -0.0000310)
(   3.1962080   13.6921501   -0.0000309)
(   3.1960380   13.6922302   -0.0000309)
(   3.1958680   13.6923094   -0.0000309)
(   3.1956978   13.6923895   -0.0000308)
(   3.1955278   13.6924696   -0.0000308)
(   3.1953576   13.6925497   -0.0000308)
(   3.3531227   13.7311420   -0.0000317)
(   3.3529475   13.7312527   -0.0000317)
(   3.3527725   13.7313643   -0.0000316)
(   3.3525975   13.7314758   -0.0000316)
(   3.3524222   13.7315874   -0.0000316)
(   3.3522470   13.7316980   -0.0000315)
(   3.3520718   13.7318096   -0.0000315)
(   3.3518970   13.7319212   -0.0000315)
(   3.3517218   13.7320318   -0.0000314)
(   3.3515468   13.7321424   -0.0000314)
(   3.3513718   13.7322540   -0.0000314)
(   3.3511965   13.7323656   -0.0000313)
(   3.3510213   13.7324762   -0.0000313)
(   3.3508463   13.7325878   -0.0000313)
(   3.3506711   13.7326994   -0.0000312)
(   3.3504958   13.7328100   -0.0000312)
(   3.3503211   13.7329216   -0.0000311)
(   3.3501458   13.7330332   -0.0000311)
(   3.3499706   13.7331448   -0.0000311)
(   3.3497958   13.7332554   -0.0000310)
(   3.3496206   13.7333660   -0.0000310)
(   3.3494453   13.7334776   -0.0000310)
(   3.3492703   13.7335882   -0.0000309)
(   3.3490951   13.7336998   -0.0000309)
(   3.3489201   13.7338114   -0.0000309)
(   3.3487449   13.7339230   -0.0000308)
(   3.3485699   13.7340336   -0.0000308)
(   3.3483949   13.7341452   -0.0000308)
(   3.3482196   13.7342567   -0.0000307)
(   3.3480446   13.7343674   -0.0000307)
(   3.5112031   13.7476892   -0.0000316)
(   3.5110283   13.7478056   -0.0000316)
(   3.5108535   13.7479219   -0.0000316)
(   3.5106788   13.7480373   -0.0000315)
(   3.5105040   13.7481537   -0.0000315)
(   3.5103292   13.7482700   -0.0000315)
(   3.5101542   13.7483854   -0.0000314)
(   3.5099795   13.7485018   -0.0000314)
(   3.5098047   13.7486181   -0.0000314)
(   3.5096300   13.7487345   -0.0000313)
(   3.5094554   13.7488499   -0.0000313)
(   3.5092807   13.7489653   -0.0000313)
(   3.5091057   13.7490816   -0.0000312)
(   3.5089309   13.7491970   -0.0000312)
(   3.5087562   13.7493134   -0.0000312)
(   3.5085812   13.7494297   -0.0000311)
(   3.5084064   13.7495461   -0.0000311)
(   3.5082314   13.7496614   -0.0000311)
(   3.5080569   13.7497778   -0.0000310)
(   3.5078821   13.7498941   -0.0000310)
(   3.5077074   13.7500095   -0.0000310)
(   3.5075326   13.7501259   -0.0000309)
(   3.5073576   13.7502422   -0.0000309)
(   3.5071828   13.7503586   -0.0000309)
(   3.5070081   13.7504740   -0.0000308)
(   3.5068333   13.7505903   -0.0000308)
(   3.5066586   13.7507067   -0.0000308)
(   3.5064840   13.7508230   -0.0000307)
(   3.5063090   13.7509384   -0.0000307)
(   3.5061343   13.7510548   -0.0000307)
(   3.6692657   13.7642336   -0.0000316)
(   3.6690917   13.7643547   -0.0000316)
(   3.6689169   13.7644758   -0.0000315)
(   3.6687427   13.7645969   -0.0000315)
(   3.6685679   13.7647181   -0.0000315)
(   3.6683934   13.7648392   -0.0000314)
(   3.6682191   13.7649593   -0.0000314)
(   3.6680443   13.7650805   -0.0000313)
(   3.6678700   13.7652016   -0.0000313)
(   3.6676955   13.7653227   -0.0000313)
(   3.6675212   13.7654428   -0.0000312)
(   3.6673467   13.7655640   -0.0000312)
(   3.6671722   13.7656851   -0.0000312)
(   3.6669977   13.7658072   -0.0000311)
(   3.6668231   13.7659273   -0.0000311)
(   3.6666486   13.7660484   -0.0000311)
(   3.6664741   13.7661695   -0.0000310)
(   3.6662996   13.7662897   -0.0000310)
(   3.6661255   13.7664108   -0.0000310)
(   3.6659508   13.7665319   -0.0000309)
(   3.6657765   13.7666531   -0.0000309)
(   3.6656017   13.7667732   -0.0000309)
(   3.6654274   13.7668953   -0.0000308)
(   3.6652527   13.7670164   -0.0000308)
(   3.6650784   13.7671375   -0.0000308)
(   3.6649039   13.7672577   -0.0000307)
(   3.6647294   13.7673788   -0.0000307)
(   3.6645551   13.7674999   -0.0000307)
(   3.6643803   13.7676201   -0.0000306)
(   3.6642060   13.7677412   -0.0000306)
(   3.8269320   13.7807369   -0.0000315)
(   3.8267579   13.7808628   -0.0000315)
(   3.8265834   13.7809887   -0.0000315)
(   3.8264093   13.7811146   -0.0000314)
(   3.8262353   13.7812405   -0.0000314)
(   3.8260610   13.7813663   -0.0000314)
(   3.8258870   13.7814922   -0.0000313)
(   3.8257124   13.7816181   -0.0000313)
(   3.8255384   13.7817430   -0.0000313)
(   3.8253646   13.7818699   -0.0000312)
(   3.8251901   13.7819958   -0.0000312)
(   3.8250165   13.7821217   -0.0000312)
(   3.8248420   13.7822466   -0.0000311)
(   3.8246679   13.7823725   -0.0000311)
(   3.8244939   13.7824993   -0.0000311)
(   3.8243196   13.7826252   -0.0000310)
(   3.8241456   13.7827501   -0.0000310)
(   3.8239715   13.7828760   -0.0000310)
(   3.8237970   13.7830019   -0.0000309)
(   3.8236232   13.7831278   -0.0000309)
(   3.8234487   13.7832537   -0.0000309)
(   3.8232746   13.7833796   -0.0000308)
(   3.8231006   13.7835054   -0.0000308)
(   3.8229260   13.7836304   -0.0000308)
(   3.8227522   13.7837563   -0.0000307)
(   3.8225777   13.7838821   -0.0000307)
(   3.8224037   13.7840080   -0.0000306)
(   3.8222296   13.7841330   -0.0000306)
(   3.8220556   13.7842588   -0.0000306)
(   3.8218818   13.7843847   -0.0000305)
(   3.9845979   13.7972412   -0.0000315)
(   3.9844244   13.7973728   -0.0000314)
(   3.9842503   13.7975025   -0.0000314)
(   3.9840763   13.7976332   -0.0000314)
(   3.9839025   13.7977638   -0.0000313)
(   3.9837284   13.7978954   -0.0000313)
(   3.9835548   13.7980251   -0.0000313)
(   3.9833808   13.7981558   -0.0000312)
(   3.9832072   13.7982864   -0.0000312)
(   3.9830332   13.7984171   -0.0000312)
(   3.9828596   13.7985468   -0.0000311)
(   3.9826853   13.7986774   -0.0000311)
(   3.9825118   13.7988091   -0.0000311)
(   3.9823377   13.7989397   -0.0000310)
(   3.9821641   13.7990694   -0.0000310)
(   3.9819901   13.7992010   -0.0000310)
(   3.9818168   13.7993317   -0.0000309)
(   3.9816427   13.7994623   -0.0000309)
(   3.9814692   13.7995920   -0.0000309)
(   3.9812951   13.7997236   -0.0000308)
(   3.9811215   13.7998543   -0.0000308)
(   3.9809475   13.7999849   -0.0000308)
(   3.9807739   13.8001146   -0.0000307)
(   3.9805996   13.8002462   -0.0000307)
(   3.9804261   13.8003769   -0.0000307)
(   3.9802520   13.8005075   -0.0000306)
(   3.9800785   13.8006382   -0.0000306)
(   3.9799044   13.8007689   -0.0000306)
(   3.9797304   13.8008995   -0.0000305)
(   3.9795566   13.8010292   -0.0000305)
(   4.1419373   13.8137102   -0.0000314)
(   4.1417642   13.8138456   -0.0000314)
(   4.1415906   13.8139811   -0.0000314)
(   4.1414175   13.8141165   -0.0000313)
(   4.1412439   13.8142519   -0.0000313)
(   4.1410704   13.8143873   -0.0000313)
(   4.1408968   13.8145237   -0.0000312)
(   4.1407232   13.8146582   -0.0000312)
(   4.1405497   13.8147936   -0.0000312)
(   4.1403761   13.8149300   -0.0000311)
(   4.1402030   13.8150654   -0.0000311)
(   4.1400290   13.8151999   -0.0000311)
(   4.1398554   13.8153362   -0.0000310)
(   4.1396823   13.8154716   -0.0000310)
(   4.1395087   13.8156080   -0.0000310)
(   4.1393352   13.8157425   -0.0000309)
(   4.1391616   13.8158779   -0.0000309)
(   4.1389880   13.8160143   -0.0000309)
(   4.1388149   13.8161497   -0.0000308)
(   4.1386409   13.8162842   -0.0000308)
(   4.1384678   13.8164206   -0.0000307)
(   4.1382947   13.8165560   -0.0000307)
(   4.1381211   13.8166914   -0.0000307)
(   4.1379471   13.8168268   -0.0000306)
(   4.1377740   13.8169622   -0.0000306)
(   4.1376004   13.8170977   -0.0000306)
(   4.1374264   13.8172340   -0.0000305)
(   4.1372533   13.8173685   -0.0000305)
(   4.1370797   13.8175049   -0.0000305)
(   4.1369061   13.8176403   -0.0000304)
(   4.2992067   13.8301725   -0.0000314)
(   4.2990336   13.8303127   -0.0000313)
(   4.2988601   13.8304539   -0.0000313)
(   4.2986875   13.8305931   -0.0000313)
(   4.2985144   13.8307343   -0.0000312)
(   4.2983408   13.8308744   -0.0000312)
(   4.2981682   13.8310156   -0.0000312)
(   4.2979951   13.8311548   -0.0000311)
(   4.2978220   13.8312950   -0.0000311)
(   4.2976484   13.8314362   -0.0000311)
(   4.2974753   13.8315763   -0.0000310)
(   4.2973022   13.8317165   -0.0000310)
(   4.2971292   13.8318567   -0.0000310)
(   4.2969561   13.8319979   -0.0000309)
(   4.2967825   13.8321381   -0.0000309)
(   4.2966099   13.8322773   -0.0000309)
(   4.2964363   13.8324184   -0.0000308)
(   4.2962632   13.8325586   -0.0000308)
(   4.2960896   13.8326998   -0.0000308)
(   4.2959170   13.8328390   -0.0000307)
(   4.2957435   13.8329792   -0.0000307)
(   4.2955704   13.8331194   -0.0000307)
(   4.2953968   13.8332605   -0.0000306)
(   4.2952242   13.8334007   -0.0000306)
(   4.2950516   13.8335400   -0.0000306)
(   4.2948780   13.8336811   -0.0000305)
(   4.2947049   13.8338213   -0.0000305)
(   4.2945318   13.8339624   -0.0000305)
(   4.2943587   13.8341017   -0.0000304)
(   4.2941852   13.8342428   -0.0000304)
(   4.4562268   13.8466091   -0.0000313)
(   4.4560542   13.8467541   -0.0000313)
(   4.4558811   13.8469000   -0.0000313)
(   4.4557080   13.8470440   -0.0000312)
(   4.4555354   13.8471899   -0.0000312)
(   4.4553628   13.8473349   -0.0000312)
(   4.4551897   13.8474808   -0.0000311)
(   4.4550171   13.8476248   -0.0000311)
(   4.4548445   13.8477697   -0.0000311)
(   4.4546719   13.8479147   -0.0000310)
(   4.4544988   13.8480606   -0.0000310)
(   4.4543257   13.8482056   -0.0000309)
(   4.4541535   13.8483505   -0.0000309)
(   4.4539804   13.8484955   -0.0000309)
(   4.4538074   13.8486414   -0.0000308)
(   4.4536347   13.8487864   -0.0000308)
(   4.4534616   13.8489313   -0.0000308)
(   4.4532886   13.8490763   -0.0000307)
(   4.4531159   13.8492222   -0.0000307)
(   4.4529433   13.8493671   -0.0000307)
(   4.4527707   13.8495131   -0.0000306)
(   4.4525976   13.8496571   -0.0000306)
(   4.4524245   13.8498030   -0.0000306)
(   4.4522519   13.8499479   -0.0000305)
(   4.4520788   13.8500938   -0.0000305)
(   4.4519062   13.8502378   -0.0000305)
(   4.4517341   13.8503838   -0.0000304)
(   4.4515610   13.8505287   -0.0000304)
(   4.4513879   13.8506746   -0.0000304)
(   4.4512153   13.8508186   -0.0000303)
(   4.6130781   13.8630276   -0.0000313)
(   4.6129055   13.8631783   -0.0000312)
(   4.6127334   13.8633280   -0.0000312)
(   4.6125607   13.8634777   -0.0000312)
(   4.6123881   13.8636274   -0.0000311)
(   4.6122155   13.8637781   -0.0000311)
(   4.6120434   13.8639278   -0.0000311)
(   4.6118708   13.8640785   -0.0000310)
(   4.6116982   13.8642273   -0.0000310)
(   4.6115260   13.8643780   -0.0000310)
(   4.6113534   13.8645287   -0.0000309)
(   4.6111813   13.8646784   -0.0000309)
(   4.6110086   13.8648281   -0.0000309)
(   4.6108360   13.8649778   -0.0000308)
(   4.6106634   13.8651285   -0.0000308)
(   4.6104908   13.8652782   -0.0000308)
(   4.6103191   13.8654289   -0.0000307)
(   4.6101465   13.8655787   -0.0000307)
(   4.6099739   13.8657284   -0.0000307)
(   4.6098013   13.8658791   -0.0000306)
(   4.6096287   13.8660288   -0.0000306)
(   4.6094561   13.8661785   -0.0000306)
(   4.6092839   13.8663282   -0.0000305)
(   4.6091113   13.8664789   -0.0000305)
(   4.6089387   13.8666286   -0.0000305)
(   4.6087661   13.8667793   -0.0000304)
(   4.6085939   13.8669291   -0.0000304)
(   4.6084218   13.8670788   -0.0000304)
(   4.6082492   13.8672295   -0.0000303)
(   4.6080766   13.8673792   -0.0000303)
)
;

// ************************************************************************* //
