      900
(
  76316.9844    
  76316.9531    
  76316.9219    
  76316.8984    
  76316.8750    
  76316.8438    
  76316.8125    
  76316.7812    
  76316.7578    
  76316.7266    
  76316.6953    
  76316.6641    
  76316.6406    
  76316.6094    
  76316.5781    
  76316.5469    
  76316.5156    
  76316.4922    
  76316.4688    
  76316.4375    
  76316.4062    
  76316.3750    
  76316.3516    
  76316.3203    
  76316.2891    
  76316.2578    
  76316.2344    
  76316.2031    
  76316.1719    
  76316.1406    
  76317.0156    
  76316.9844    
  76316.9531    
  76316.9219    
  76316.8984    
  76316.8672    
  76316.8438    
  76316.8125    
  76316.7812    
  76316.7578    
  76316.7266    
  76316.6953    
  76316.6641    
  76316.6406    
  76316.6094    
  76316.5781    
  76316.5469    
  76316.5156    
  76316.4922    
  76316.4688    
  76316.4375    
  76316.4062    
  76316.3750    
  76316.3516    
  76316.3203    
  76316.2891    
  76316.2578    
  76316.2344    
  76316.2031    
  76316.1719    
  76317.0391    
  76317.0156    
  76316.9844    
  76316.9531    
  76316.9219    
  76316.8984    
  76316.8672    
  76316.8359    
  76316.8125    
  76316.7812    
  76316.7578    
  76316.7266    
  76316.6953    
  76316.6641    
  76316.6406    
  76316.6094    
  76316.5781    
  76316.5469    
  76316.5156    
  76316.4922    
  76316.4609    
  76316.4375    
  76316.4062    
  76316.3750    
  76316.3516    
  76316.3203    
  76316.2891    
  76316.2578    
  76316.2344    
  76316.2031    
  76317.0703    
  76317.0391    
  76317.0156    
  76316.9844    
  76316.9531    
  76316.9219    
  76316.8984    
  76316.8672    
  76316.8359    
  76316.8047    
  76316.7812    
  76316.7578    
  76316.7266    
  76316.6953    
  76316.6641    
  76316.6406    
  76316.6094    
  76316.5781    
  76316.5469    
  76316.5156    
  76316.4922    
  76316.4609    
  76316.4297    
  76316.4062    
  76316.3750    
  76316.3516    
  76316.3203    
  76316.2891    
  76316.2578    
  76316.2344    
  76317.1016    
  76317.0703    
  76317.0391    
  76317.0156    
  76316.9844    
  76316.9531    
  76316.9219    
  76316.8984    
  76316.8672    
  76316.8359    
  76316.8047    
  76316.7812    
  76316.7578    
  76316.7266    
  76316.6953    
  76316.6641    
  76316.6406    
  76316.6094    
  76316.5781    
  76316.5469    
  76316.5156    
  76316.4922    
  76316.4609    
  76316.4297    
  76316.3984    
  76316.3750    
  76316.3516    
  76316.3203    
  76316.2891    
  76316.2578    
  76317.1250    
  76317.1016    
  76317.0703    
  76317.0391    
  76317.0156    
  76316.9844    
  76316.9531    
  76316.9219    
  76316.8984    
  76316.8672    
  76316.8359    
  76316.8047    
  76316.7812    
  76316.7500    
  76316.7266    
  76316.6953    
  76316.6641    
  76316.6406    
  76316.6094    
  76316.5781    
  76316.5469    
  76316.5156    
  76316.4922    
  76316.4609    
  76316.4297    
  76316.3984    
  76316.3750    
  76316.3438    
  76316.3203    
  76316.2891    
  76317.1562    
  76317.1250    
  76317.0938    
  76317.0703    
  76317.0391    
  76317.0156    
  76316.9844    
  76316.9531    
  76316.9219    
  76316.8984    
  76316.8672    
  76316.8359    
  76316.8047    
  76316.7812    
  76316.7500    
  76316.7188    
  76316.6953    
  76316.6641    
  76316.6406    
  76316.6094    
  76316.5781    
  76316.5469    
  76316.5156    
  76316.4922    
  76316.4609    
  76316.4297    
  76316.3984    
  76316.3750    
  76316.3438    
  76316.3125    
  76317.1797    
  76317.1562    
  76317.1250    
  76317.0938    
  76317.0625    
  76317.0391    
  76317.0156    
  76316.9844    
  76316.9531    
  76316.9219    
  76316.8984    
  76316.8672    
  76316.8359    
  76316.8047    
  76316.7812    
  76316.7500    
  76316.7188    
  76316.6875    
  76316.6641    
  76316.6406    
  76316.6094    
  76316.5781    
  76316.5469    
  76316.5156    
  76316.4922    
  76316.4609    
  76316.4297    
  76316.3984    
  76316.3750    
  76316.3438    
  76317.2109    
  76317.1797    
  76317.1562    
  76317.1250    
  76317.0938    
  76317.0625    
  76317.0391    
  76317.0156    
  76316.9844    
  76316.9531    
  76316.9219    
  76316.8984    
  76316.8672    
  76316.8359    
  76316.8047    
  76316.7812    
  76316.7500    
  76316.7188    
  76316.6875    
  76316.6641    
  76316.6406    
  76316.6094    
  76316.5781    
  76316.5469    
  76316.5156    
  76316.4922    
  76316.4609    
  76316.4297    
  76316.3984    
  76316.3750    
  76317.2422    
  76317.2109    
  76317.1797    
  76317.1562    
  76317.1250    
  76317.0938    
  76317.0625    
  76317.0391    
  76317.0078    
  76316.9844    
  76316.9531    
  76316.9219    
  76316.8984    
  76316.8672    
  76316.8359    
  76316.8047    
  76316.7812    
  76316.7500    
  76316.7188    
  76316.6875    
  76316.6641    
  76316.6328    
  76316.6016    
  76316.5781    
  76316.5469    
  76316.5156    
  76316.4922    
  76316.4609    
  76316.4297    
  76316.3984    
  76317.2734    
  76317.2422    
  76317.2109    
  76317.1797    
  76317.1562    
  76317.1250    
  76317.0938    
  76317.0625    
  76317.0391    
  76317.0078    
  76316.9766    
  76316.9531    
  76316.9219    
  76316.8984    
  76316.8672    
  76316.8359    
  76316.8047    
  76316.7812    
  76316.7500    
  76316.7188    
  76316.6875    
  76316.6641    
  76316.6328    
  76316.6016    
  76316.5703    
  76316.5469    
  76316.5156    
  76316.4922    
  76316.4609    
  76316.4297    
  76317.2969    
  76317.2734    
  76317.2422    
  76317.2109    
  76317.1797    
  76317.1562    
  76317.1250    
  76317.0938    
  76317.0625    
  76317.0391    
  76317.0078    
  76316.9766    
  76316.9453    
  76316.9219    
  76316.8984    
  76316.8672    
  76316.8359    
  76316.8047    
  76316.7812    
  76316.7500    
  76316.7188    
  76316.6875    
  76316.6641    
  76316.6328    
  76316.6016    
  76316.5703    
  76316.5391    
  76316.5156    
  76316.4922    
  76316.4609    
  76317.3203    
  76317.2969    
  76317.2734    
  76317.2422    
  76317.2109    
  76317.1797    
  76317.1562    
  76317.1250    
  76317.0938    
  76317.0625    
  76317.0391    
  76317.0078    
  76316.9766    
  76316.9453    
  76316.9219    
  76316.8984    
  76316.8672    
  76316.8359    
  76316.8047    
  76316.7812    
  76316.7500    
  76316.7188    
  76316.6875    
  76316.6641    
  76316.6328    
  76316.6016    
  76316.5703    
  76316.5391    
  76316.5156    
  76316.4922    
  76317.3516    
  76317.3203    
  76317.2969    
  76317.2656    
  76317.2422    
  76317.2109    
  76317.1797    
  76317.1562    
  76317.1250    
  76317.0938    
  76317.0625    
  76317.0391    
  76317.0078    
  76316.9766    
  76316.9453    
  76316.9219    
  76316.8906    
  76316.8672    
  76316.8359    
  76316.8047    
  76316.7812    
  76316.7500    
  76316.7188    
  76316.6875    
  76316.6641    
  76316.6328    
  76316.6016    
  76316.5703    
  76316.5391    
  76316.5156    
  76317.3828    
  76317.3516    
  76317.3203    
  76317.2969    
  76317.2656    
  76317.2344    
  76317.2109    
  76317.1797    
  76317.1562    
  76317.1250    
  76317.0938    
  76317.0625    
  76317.0391    
  76317.0078    
  76316.9766    
  76316.9453    
  76316.9219    
  76316.8906    
  76316.8594    
  76316.8281    
  76316.8047    
  76316.7812    
  76316.7500    
  76316.7188    
  76316.6875    
  76316.6641    
  76316.6328    
  76316.6016    
  76316.5703    
  76316.5391    
  76317.4141    
  76317.3828    
  76317.3516    
  76317.3203    
  76317.2969    
  76317.2656    
  76317.2344    
  76317.2031    
  76317.1797    
  76317.1562    
  76317.1250    
  76317.0938    
  76317.0625    
  76317.0391    
  76317.0078    
  76316.9766    
  76316.9453    
  76316.9219    
  76316.8906    
  76316.8594    
  76316.8281    
  76316.8047    
  76316.7812    
  76316.7500    
  76316.7188    
  76316.6875    
  76316.6641    
  76316.6328    
  76316.6016    
  76316.5703    
  76317.4453    
  76317.4141    
  76317.3828    
  76317.3516    
  76317.3203    
  76317.2969    
  76317.2656    
  76317.2344    
  76317.2031    
  76317.1797    
  76317.1562    
  76317.1250    
  76317.0938    
  76317.0625    
  76317.0391    
  76317.0078    
  76316.9766    
  76316.9453    
  76316.9219    
  76316.8906    
  76316.8594    
  76316.8281    
  76316.8047    
  76316.7734    
  76316.7500    
  76316.7188    
  76316.6875    
  76316.6641    
  76316.6328    
  76316.6016    
  76317.4688    
  76317.4453    
  76317.4141    
  76317.3828    
  76317.3516    
  76317.3203    
  76317.2969    
  76317.2656    
  76317.2344    
  76317.2031    
  76317.1797    
  76317.1484    
  76317.1250    
  76317.0938    
  76317.0625    
  76317.0391    
  76317.0078    
  76316.9766    
  76316.9453    
  76316.9219    
  76316.8906    
  76316.8594    
  76316.8281    
  76316.8047    
  76316.7734    
  76316.7422    
  76316.7188    
  76316.6875    
  76316.6641    
  76316.6328    
  76317.4922    
  76317.4688    
  76317.4453    
  76317.4141    
  76317.3828    
  76317.3516    
  76317.3203    
  76317.2969    
  76317.2656    
  76317.2344    
  76317.2031    
  76317.1797    
  76317.1484    
  76317.1172    
  76317.0938    
  76317.0625    
  76317.0391    
  76317.0078    
  76316.9766    
  76316.9453    
  76316.9219    
  76316.8906    
  76316.8594    
  76316.8281    
  76316.8047    
  76316.7734    
  76316.7422    
  76316.7109    
  76316.6875    
  76316.6641    
  76317.5234    
  76317.4922    
  76317.4688    
  76317.4453    
  76317.4141    
  76317.3828    
  76317.3516    
  76317.3203    
  76317.2969    
  76317.2656    
  76317.2344    
  76317.2031    
  76317.1797    
  76317.1484    
  76317.1172    
  76317.0859    
  76317.0625    
  76317.0391    
  76317.0078    
  76316.9766    
  76316.9453    
  76316.9219    
  76316.8906    
  76316.8594    
  76316.8281    
  76316.8047    
  76316.7734    
  76316.7422    
  76316.7109    
  76316.6875    
  76317.5547    
  76317.5234    
  76317.4922    
  76317.4688    
  76317.4375    
  76317.4141    
  76317.3828    
  76317.3516    
  76317.3203    
  76317.2969    
  76317.2656    
  76317.2344    
  76317.2031    
  76317.1797    
  76317.1484    
  76317.1172    
  76317.0859    
  76317.0625    
  76317.0312    
  76317.0078    
  76316.9766    
  76316.9453    
  76316.9219    
  76316.8906    
  76316.8594    
  76316.8281    
  76316.8047    
  76316.7734    
  76316.7422    
  76316.7109    
  76317.5859    
  76317.5547    
  76317.5234    
  76317.4922    
  76317.4688    
  76317.4375    
  76317.4062    
  76317.3828    
  76317.3516    
  76317.3203    
  76317.2969    
  76317.2656    
  76317.2344    
  76317.2031    
  76317.1797    
  76317.1484    
  76317.1172    
  76317.0859    
  76317.0625    
  76317.0312    
  76317.0000    
  76316.9766    
  76316.9453    
  76316.9219    
  76316.8906    
  76316.8594    
  76316.8281    
  76316.8047    
  76316.7734    
  76316.7422    
  76317.6094    
  76317.5859    
  76317.5547    
  76317.5234    
  76317.4922    
  76317.4688    
  76317.4375    
  76317.4062    
  76317.3750    
  76317.3516    
  76317.3203    
  76317.2969    
  76317.2656    
  76317.2344    
  76317.2031    
  76317.1797    
  76317.1484    
  76317.1172    
  76317.0859    
  76317.0625    
  76317.0312    
  76317.0000    
  76316.9688    
  76316.9453    
  76316.9219    
  76316.8906    
  76316.8594    
  76316.8281    
  76316.8047    
  76316.7734    
  76317.6406    
  76317.6094    
  76317.5859    
  76317.5547    
  76317.5234    
  76317.4922    
  76317.4688    
  76317.4375    
  76317.4062    
  76317.3750    
  76317.3438    
  76317.3203    
  76317.2969    
  76317.2656    
  76317.2344    
  76317.2031    
  76317.1797    
  76317.1484    
  76317.1172    
  76317.0859    
  76317.0625    
  76317.0312    
  76317.0000    
  76316.9688    
  76316.9453    
  76316.9219    
  76316.8906    
  76316.8594    
  76316.8281    
  76316.8047    
  76317.6719    
  76317.6406    
  76317.6094    
  76317.5859    
  76317.5547    
  76317.5234    
  76317.4922    
  76317.4688    
  76317.4375    
  76317.4062    
  76317.3750    
  76317.3438    
  76317.3203    
  76317.2969    
  76317.2656    
  76317.2344    
  76317.2031    
  76317.1797    
  76317.1484    
  76317.1172    
  76317.0859    
  76317.0625    
  76317.0312    
  76317.0000    
  76316.9688    
  76316.9453    
  76316.9141    
  76316.8906    
  76316.8594    
  76316.8281    
  76317.6953    
  76317.6641    
  76317.6406    
  76317.6094    
  76317.5859    
  76317.5547    
  76317.5234    
  76317.4922    
  76317.4688    
  76317.4375    
  76317.4062    
  76317.3750    
  76317.3438    
  76317.3203    
  76317.2891    
  76317.2656    
  76317.2344    
  76317.2031    
  76317.1797    
  76317.1484    
  76317.1172    
  76317.0859    
  76317.0625    
  76317.0312    
  76317.0000    
  76316.9688    
  76316.9453    
  76316.9141    
  76316.8828    
  76316.8594    
  76317.7266    
  76317.6953    
  76317.6641    
  76317.6328    
  76317.6094    
  76317.5859    
  76317.5547    
  76317.5234    
  76317.4922    
  76317.4688    
  76317.4375    
  76317.4062    
  76317.3750    
  76317.3438    
  76317.3203    
  76317.2891    
  76317.2578    
  76317.2266    
  76317.2031    
  76317.1797    
  76317.1484    
  76317.1172    
  76317.0859    
  76317.0625    
  76317.0312    
  76317.0000    
  76316.9688    
  76316.9453    
  76316.9141    
  76316.8828    
  76317.7500    
  76317.7266    
  76317.6953    
  76317.6641    
  76317.6328    
  76317.6094    
  76317.5859    
  76317.5547    
  76317.5234    
  76317.4922    
  76317.4688    
  76317.4375    
  76317.4062    
  76317.3750    
  76317.3438    
  76317.3203    
  76317.2891    
  76317.2578    
  76317.2266    
  76317.2031    
  76317.1797    
  76317.1484    
  76317.1172    
  76317.0859    
  76317.0625    
  76317.0312    
  76317.0000    
  76316.9688    
  76316.9453    
  76316.9141    
  76317.7812    
  76317.7500    
  76317.7266    
  76317.6953    
  76317.6641    
  76317.6328    
  76317.6094    
  76317.5781    
  76317.5547    
  76317.5234    
  76317.4922    
  76317.4688    
  76317.4375    
  76317.4062    
  76317.3750    
  76317.3438    
  76317.3203    
  76317.2891    
  76317.2578    
  76317.2266    
  76317.2031    
  76317.1719    
  76317.1484    
  76317.1172    
  76317.0859    
  76317.0625    
  76317.0312    
  76317.0000    
  76316.9688    
  76316.9453    
  76317.8125    
  76317.7812    
  76317.7500    
  76317.7266    
  76317.6953    
  76317.6641    
  76317.6328    
  76317.6094    
  76317.5781    
  76317.5469    
  76317.5234    
  76317.4922    
  76317.4688    
  76317.4375    
  76317.4062    
  76317.3750    
  76317.3438    
  76317.3203    
  76317.2891    
  76317.2578    
  76317.2266    
  76317.2031    
  76317.1719    
  76317.1406    
  76317.1172    
  76317.0859    
  76317.0625    
  76317.0312    
  76317.0000    
  76316.9688    
)
;


// ************************************************************************* //
