           1          44          94
           2          44          94
           3          44          94
           4          44          94
           5          44          94
           6          44          94
           7          44          94
           8          44          94
           9          44          94
          10          44          94
          11          44          94
          12          44          94
          13          44          94
          14          44          94
          15          44          94
          16          44          94
          17          44          94
          18          44          94
          19          44          94
          20          44          94
          21          44          94
          22          44          94
          23          44          94
          24          44          94
          25          44          94
          26          44          94
          27          44          94
          28          44          94
          29          44          94
          30          44          94
          31          44          94
          32          44          94
          33          44          94
          34          44          94
          35          44          94
          36          44          94
          37          44          94
          38          44          94
          39          44          94
          40          44          94
          41          44          94
          42          44          94
          43          44          94
          44          44          94
          45          44          94
          46          44          94
          47          44          94
          48          44          94
          49          44          94
          50          44          94
          51          44          94
          52          44          94
          53          44          94
          54          44          94
          55          44          94
          56          44          94
          57          44          94
          58          44          94
          59          44          94
          60          44          94
          61          44          94
          62          44          94
          63          44          94
          64          44          94
          65          44          94
          66          44          94
          67          44          94
          68          44          94
          69          44          94
          70          44          94
          71          44          94
          72          44          94
          73          44          94
          74          44          94
          75          44          94
          76          44          94
          77          44          94
          78          44          94
          79          44          94
          80          44          94
          81          44          94
          82          44          94
          83          44          94
          84          44          94
          85          44          94
          86          44          94
          87          44          94
          88          44          94
          89          44          94
          90          44          94
          91          44          94
          92          44          94
          93          44          94
          94          44          94
          95          44          94
          96          44          94
          97          44          94
          98          44          94
          99          44          94
         100          44          94
         101          44          94
         102          44          94
         103          44          94
         104          44          94
         105          44          94
         106          44          94
         107          44          94
         108          44          94
         109          44          94
         110          44          94
         111          44          94
         112          44          94
         113          44          94
         114          44          94
         115          44          94
         116          44          94
         117          44          94
         118          44          94
         119          44          94
         120          44          94
         121          44          94
         122          44          94
         123          44          94
         124          44          94
         125          44          94
         126          44          94
         127          44          94
         128          44          94
         129          44          94
         130          44          94
         131          44          94
         132          44          94
         133          44          94
         134          44          94
         135          44          94
         136          44          94
         137          44          94
         138          44          94
         139          44          94
         140          44          94
         141          44          94
         142          44          94
         143          44          94
         144          44          94
         145          44          94
         146          44          94
         147          44          94
         148          44          94
         149          44          94
         150          44          94
         151          44          94
         152          44          94
         153          44          94
         154          44          94
         155          44          94
         156          44          94
         157          44          94
         158          44          94
         159          44          94
         160          44          94
         161          44          94
         162          44          94
         163          44          94
         164          44          94
         165          44          94
         166          44          94
         167          44          94
         168          44          94
         169          44          94
         170          44          94
         171          44          94
         172          44          94
         173          44          94
         174          44          94
         175          44          94
         176          44          94
         177          44          94
         178          44          94
         179          44          94
         180          44          94
         181          44          94
         182          44          94
         183          44          94
         184          44          94
         185          44          94
         186          44          94
         187          44          94
         188          44          94
         189          44          94
         190          44          94
         191          44          94
         192          44          94
         193          44          94
         194          44          94
         195          44          94
         196          44          94
         197          44          94
         198          44          94
         199          44          94
         200          44          94
         201          44          94
         202          44          94
         203          44          94
         204          44          94
         205          44          94
         206          44          94
         207          44          94
         208          44          94
         209          44          94
         210          44          94
         211          44          94
         212          44          94
         213          44          94
         214          44          94
         215          44          94
         216          44          94
         217          44          94
         218          44          94
         219          44          94
         220          44          94
         221          44          94
         222          44          94
         223          44          94
         224          44          94
         225          44          94
         226          44          94
         227          44          94
         228          44          94
         229          44          94
         230          44          94
         231          44          94
         232          44          94
         233          44          94
         234          44          94
         235          44          94
         236          44          94
         237          44          94
         238          44          94
         239          44          94
         240          44          94
         241          44          94
         242          44          94
         243          44          94
         244          44          94
         245          44          94
         246          44          94
         247          44          94
         248          44          94
         249          44          94
         250          44          94
         251          44          94
         252          44          94
         253          44          94
         254          44          94
         255          44          94
         256          44          94
         257          44          94
         258          44          94
         259          44          94
         260          44          94
         261          44          94
         262          44          94
         263          44          94
         264          44          94
         265          44          94
         266          44          94
         267          44          94
         268          44          94
         269          44          94
         270          44          94
         271          44          94
         272          44          94
         273          44          94
         274          44          94
         275          44          94
         276          44          94
         277          44          94
         278          44          94
         279          44          94
         280          44          94
         281          44          94
         282          44          94
         283          44          94
         284          44          94
         285          44          94
         286          44          94
         287          44          94
         288          44          94
         289          44          94
         290          44          94
         291          44          94
         292          44          94
         293          44          94
         294          44          94
         295          44          94
         296          44          94
         297          44          94
         298          44          94
         299          44          94
         300          44          94
         301          44          94
         302          44          94
         303          44          94
         304          44          94
         305          44          94
         306          44          94
         307          44          94
         308          44          94
         309          44          94
         310          44          94
         311          44          94
         312          44          94
         313          44          94
         314          44          94
         315          44          94
         316          44          94
         317          44          94
         318          44          94
         319          44          94
         320          44          94
         321          44          94
         322          44          94
         323          44          94
         324          44          94
         325          44          94
         326          44          94
         327          44          94
         328          44          94
         329          44          94
         330          44          94
         331          44          94
         332          44          94
         333          44          94
         334          44          94
         335          44          94
         336          44          94
         337          44          94
         338          44          94
         339          44          94
         340          44          94
         341          44          94
         342          44          94
         343          44          94
         344          44          94
         345          44          94
         346          44          94
         347          44          94
         348          44          94
         349          44          94
         350          44          94
         351          44          94
         352          44          94
         353          44          94
         354          44          94
         355          44          94
         356          44          94
         357          44          94
         358          44          94
         359          44          94
         360          44          94
         361          44          94
         362          44          94
         363          44          94
         364          44          94
         365          44          94
         366          44          94
         367          44          94
         368          44          94
         369          44          94
         370          44          94
         371          44          94
         372          44          94
         373          44          94
         374          44          94
         375          44          94
         376          44          94
         377          44          94
         378          44          94
         379          44          94
         380          44          94
         381          44          94
         382          44          94
         383          44          94
         384          44          94
         385          44          94
         386          44          94
         387          44          94
         388          44          94
         389          44          94
         390          44          94
         391          44          94
         392          44          94
         393          44          94
         394          44          94
         395          44          94
         396          44          94
         397          44          94
         398          44          94
         399          44          94
         400          44          94
         401          44          94
         402          44          94
         403          44          94
         404          44          94
         405          44          94
         406          44          94
         407          44          94
         408          44          94
         409          44          94
         410          44          94
         411          44          94
         412          44          94
         413          44          94
         414          44          94
         415          44          94
         416          44          94
         417          44          94
         418          44          94
         419          44          94
         420          44          94
         421          44          94
         422          44          94
         423          44          94
         424          44          94
         425          44          94
         426          44          94
         427          44          94
         428          44          94
         429          44          94
         430          44          94
         431          44          94
         432          44          94
         433          44          94
         434          44          94
         435          44          94
         436          44          94
         437          44          94
         438          44          94
         439          44          94
         440          44          94
         441          44          94
         442          44          94
         443          44          94
         444          44          94
         445          44          94
         446          44          94
         447          44          94
         448          44          94
         449          44          94
         450          44          94
         451          44          94
         452          44          94
         453          44          94
         454          44          94
         455          44          94
         456          44          94
         457          44          94
         458          44          94
         459          44          94
         460          44          94
         461          44          94
         462          44          94
         463          44          94
         464          44          94
         465          44          94
         466          44          94
         467          44          94
         468          44          94
         469          44          94
         470          44          94
         471          44          94
         472          44          94
         473          44          94
         474          44          94
         475          44          94
         476          44          94
         477          44          94
         478          44          94
         479          44          94
         480          44          94
         481          44          94
         482          44          94
         483          44          94
         484          44          94
         485          44          94
         486          44          94
         487          44          94
         488          44          94
         489          44          94
         490          44          94
         491          44          94
         492          44          94
         493          44          94
         494          44          94
         495          44          94
         496          44          94
         497          44          94
         498          44          94
         499          44          94
         500          44          94
         501          44          94
         502          44          94
         503          44          94
         504          44          94
         505          44          94
         506          44          94
         507          44          94
         508          44          94
         509          44          94
         510          44          94
         511          44          94
         512          44          94
         513          44          94
         514          44          94
         515          44          94
         516          44          94
         517          44          94
         518          44          94
         519          44          94
         520          44          94
         521          44          94
         522          44          94
         523          44          94
         524          44          94
         525          44          94
         526          44          94
         527          44          94
         528          44          94
         529          44          94
         530          44          94
         531          44          94
         532          44          94
         533          44          94
         534          44          94
         535          44          94
         536          44          94
         537          44          94
         538          44          94
         539          44          94
         540          44          94
         541          44          94
         542          44          94
         543          44          94
         544          44          94
         545          44          94
         546          44          94
         547          44          94
         548          44          94
         549          44          94
         550          44          94
         551          44          94
         552          44          94
         553          44          94
         554          44          94
         555          44          94
         556          44          94
         557          44          94
         558          44          94
         559          44          94
         560          44          94
         561          44          94
         562          44          94
         563          44          94
         564          44          94
         565          44          94
         566          44          94
         567          44          94
         568          44          94
         569          44          94
         570          44          94
         571          44          94
         572          44          94
         573          44          94
         574          44          94
         575          44          94
         576          44          94
         577          44          94
         578          44          94
         579          44          94
         580          44          94
         581          44          94
         582          44          94
         583          44          94
         584          44          94
         585          44          94
         586          44          94
         587          44          94
         588          44          94
         589          44          94
         590          44          94
         591          44          94
         592          44          94
         593          44          94
         594          44          94
         595          44          94
         596          44          94
         597          44          94
         598          44          94
         599          44          94
         600          44          94
         601          44          94
         602          44          94
         603          44          94
         604          44          94
         605          44          94
         606          44          94
         607          44          94
         608          44          94
         609          44          94
         610          44          94
         611          44          94
         612          44          94
         613          44          94
         614          44          94
         615          44          94
         616          44          94
         617          44          94
         618          44          94
         619          44          94
         620          44          94
         621          44          94
         622          44          94
         623          44          94
         624          44          94
         625          44          94
         626          44          94
         627          44          94
         628          44          94
         629          44          94
         630          44          94
         631          44          94
         632          44          94
         633          44          94
         634          44          94
         635          44          94
         636          44          94
         637          44          94
         638          44          94
         639          44          94
         640          44          94
         641          44          94
         642          44          94
         643          44          94
         644          44          94
         645          44          94
         646          44          94
         647          44          94
         648          44          94
         649          44          94
         650          44          94
         651          44          94
         652          44          94
         653          44          94
         654          44          94
         655          44          94
         656          44          94
         657          44          94
         658          44          94
         659          44          94
         660          44          94
         661          44          94
         662          44          94
         663          44          94
         664          44          94
         665          44          94
         666          44          94
         667          44          94
         668          44          94
         669          44          94
         670          44          94
         671          44          94
         672          44          94
         673          44          94
         674          44          94
         675          44          94
         676          44          94
         677          44          94
         678          44          94
         679          44          94
         680          44          94
         681          44          94
         682          44          94
         683          44          94
         684          44          94
         685          44          94
         686          44          94
         687          44          94
         688          44          94
         689          44          94
         690          44          94
         691          44          94
         692          44          94
         693          44          94
         694          44          94
         695          44          94
         696          44          94
         697          44          94
         698          44          94
         699          44          94
         700          44          94
         701          44          94
         702          44          94
         703          44          94
         704          44          94
         705          44          94
         706          44          94
         707          44          94
         708          44          94
         709          44          94
         710          44          94
         711          44          94
         712          44          94
         713          44          94
         714          44          94
         715          44          94
         716          44          94
         717          44          94
         718          44          94
         719          44          94
         720          44          94
         721          44          94
         722          44          94
         723          44          94
         724          44          94
         725          44          94
         726          44          94
         727          44          94
         728          44          94
         729          44          94
         730          44          94
         731          44          94
         732          44          94
         733          44          94
         734          44          94
         735          44          94
         736          44          94
         737          44          94
         738          44          94
         739          44          94
         740          44          94
         741          44          94
         742          44          94
         743          44          94
         744          44          94
         745          44          94
         746          44          94
         747          44          94
         748          44          94
         749          44          94
         750          44          94
         751          44          94
         752          44          94
         753          44          94
         754          44          94
         755          44          94
         756          44          94
         757          44          94
         758          44          94
         759          44          94
         760          44          94
         761          44          94
         762          44          94
         763          44          94
         764          44          94
         765          44          94
         766          44          94
         767          44          94
         768          44          94
         769          44          94
         770          44          94
         771          44          94
         772          44          94
         773          44          94
         774          44          94
         775          44          94
         776          44          94
         777          44          94
         778          44          94
         779          44          94
         780          44          94
         781          44          94
         782          44          94
         783          44          94
         784          44          94
         785          44          94
         786          44          94
         787          44          94
         788          44          94
         789          44          94
         790          44          94
         791          44          94
         792          44          94
         793          44          94
         794          44          94
         795          44          94
         796          44          94
         797          44          94
         798          44          94
         799          44          94
         800          44          94
         801          44          94
         802          44          94
         803          44          94
         804          44          94
         805          44          94
         806          44          94
         807          44          94
         808          44          94
         809          44          94
         810          44          94
         811          44          94
         812          44          94
         813          44          94
         814          44          94
         815          44          94
         816          44          94
         817          44          94
         818          44          94
         819          44          94
         820          44          94
         821          44          94
         822          44          94
         823          44          94
         824          44          94
         825          44          94
         826          44          94
         827          44          94
         828          44          94
         829          44          94
         830          44          94
         831          44          94
         832          44          94
         833          44          94
         834          44          94
         835          44          94
         836          44          94
         837          44          94
         838          44          94
         839          44          94
         840          44          94
         841          44          94
         842          44          94
         843          44          94
         844          44          94
         845          44          94
         846          44          94
         847          44          94
         848          44          94
         849          44          94
         850          44          94
         851          44          94
         852          44          94
         853          44          94
         854          44          94
         855          44          94
         856          44          94
         857          44          94
         858          44          94
         859          44          94
         860          44          94
         861          44          94
         862          44          94
         863          44          94
         864          44          94
         865          44          94
         866          44          94
         867          44          94
         868          44          94
         869          44          94
         870          44          94
         871          44          94
         872          44          94
         873          44          94
         874          44          94
         875          44          94
         876          44          94
         877          44          94
         878          44          94
         879          44          94
         880          44          94
         881          44          94
         882          44          94
         883          44          94
         884          44          94
         885          44          94
         886          44          94
         887          44          94
         888          44          94
         889          44          94
         890          44          94
         891          44          94
         892          44          94
         893          44          94
         894          44          94
         895          44          94
         896          44          94
         897          44          94
         898          44          94
         899          44          94
         900          44          94
