      900
(
  285.797089    
  285.796997    
  285.796906    
  285.796814    
  285.796722    
  285.796661    
  285.796570    
  285.796478    
  285.796387    
  285.796295    
  285.796204    
  285.796143    
  285.796051    
  285.795959    
  285.795868    
  285.795776    
  285.795685    
  285.795624    
  285.795532    
  285.795441    
  285.795349    
  285.795258    
  285.795166    
  285.795105    
  285.795013    
  285.794922    
  285.794830    
  285.794739    
  285.794678    
  285.794586    
  285.834869    
  285.834778    
  285.834686    
  285.834595    
  285.834534    
  285.834442    
  285.834351    
  285.834259    
  285.834167    
  285.834076    
  285.833984    
  285.833893    
  285.833801    
  285.833740    
  285.833649    
  285.833557    
  285.833466    
  285.833374    
  285.833282    
  285.833191    
  285.833099    
  285.833008    
  285.832947    
  285.832855    
  285.832764    
  285.832672    
  285.832581    
  285.832489    
  285.832397    
  285.832306    
  285.961578    
  285.961487    
  285.961395    
  285.961304    
  285.961212    
  285.961121    
  285.961029    
  285.960907    
  285.960815    
  285.960724    
  285.960632    
  285.960541    
  285.960449    
  285.960358    
  285.960266    
  285.960175    
  285.960083    
  285.959991    
  285.959869    
  285.959778    
  285.959686    
  285.959595    
  285.959503    
  285.959412    
  285.959320    
  285.959229    
  285.959137    
  285.959045    
  285.958954    
  285.958832    
  286.088318    
  286.088226    
  286.088104    
  286.088013    
  286.087921    
  286.087799    
  286.087708    
  286.087616    
  286.087494    
  286.087402    
  286.087311    
  286.087219    
  286.087097    
  286.087006    
  286.086914    
  286.086792    
  286.086700    
  286.086609    
  286.086517    
  286.086395    
  286.086304    
  286.086212    
  286.086090    
  286.085999    
  286.085907    
  286.085815    
  286.085693    
  286.085602    
  286.085510    
  286.085388    
  286.215057    
  286.214935    
  286.214844    
  286.214722    
  286.214630    
  286.214508    
  286.214417    
  286.214294    
  286.214203    
  286.214081    
  286.213989    
  286.213867    
  286.213776    
  286.213654    
  286.213562    
  286.213440    
  286.213348    
  286.213226    
  286.213135    
  286.213013    
  286.212921    
  286.212799    
  286.212708    
  286.212585    
  286.212494    
  286.212372    
  286.212280    
  286.212158    
  286.212067    
  286.211945    
  286.341797    
  286.341675    
  286.341583    
  286.341461    
  286.341339    
  286.341217    
  286.341125    
  286.341003    
  286.340881    
  286.340790    
  286.340668    
  286.340546    
  286.340454    
  286.340332    
  286.340210    
  286.340088    
  286.339996    
  286.339874    
  286.339752    
  286.339661    
  286.339539    
  286.339417    
  286.339325    
  286.339203    
  286.339081    
  286.338989    
  286.338867    
  286.338745    
  286.338623    
  286.338531    
  286.468536    
  286.468414    
  286.468292    
  286.468170    
  286.468079    
  286.467957    
  286.467834    
  286.467712    
  286.467590    
  286.467468    
  286.467346    
  286.467224    
  286.467102    
  286.466980    
  286.466888    
  286.466766    
  286.466644    
  286.466522    
  286.466400    
  286.466278    
  286.466156    
  286.466034    
  286.465912    
  286.465790    
  286.465698    
  286.465576    
  286.465454    
  286.465332    
  286.465210    
  286.465088    
  286.595306    
  286.595154    
  286.595032    
  286.594910    
  286.594788    
  286.594666    
  286.594543    
  286.594421    
  286.594299    
  286.594177    
  286.594055    
  286.593903    
  286.593781    
  286.593658    
  286.593536    
  286.593414    
  286.593292    
  286.593170    
  286.593048    
  286.592926    
  286.592804    
  286.592651    
  286.592529    
  286.592407    
  286.592285    
  286.592163    
  286.592041    
  286.591919    
  286.591797    
  286.591675    
  286.722076    
  286.721954    
  286.721802    
  286.721680    
  286.721558    
  286.721405    
  286.721283    
  286.721161    
  286.721008    
  286.720886    
  286.720764    
  286.720642    
  286.720490    
  286.720367    
  286.720245    
  286.720093    
  286.719971    
  286.719849    
  286.719696    
  286.719574    
  286.719452    
  286.719299    
  286.719177    
  286.719055    
  286.718933    
  286.718781    
  286.718658    
  286.718536    
  286.718384    
  286.718262    
  286.848877    
  286.848755    
  286.848602    
  286.848450    
  286.848328    
  286.848175    
  286.848053    
  286.847900    
  286.847778    
  286.847626    
  286.847504    
  286.847351    
  286.847229    
  286.847076    
  286.846954    
  286.846802    
  286.846680    
  286.846527    
  286.846405    
  286.846252    
  286.846130    
  286.845978    
  286.845856    
  286.845703    
  286.845581    
  286.845428    
  286.845306    
  286.845154    
  286.845032    
  286.844879    
  286.975708    
  286.975586    
  286.975433    
  286.975281    
  286.975159    
  286.975006    
  286.974854    
  286.974701    
  286.974579    
  286.974426    
  286.974274    
  286.974152    
  286.973999    
  286.973846    
  286.973694    
  286.973572    
  286.973419    
  286.973267    
  286.973145    
  286.972992    
  286.972839    
  286.972717    
  286.972565    
  286.972412    
  286.972260    
  286.972137    
  286.971985    
  286.971832    
  286.971710    
  286.971558    
  287.102539    
  287.102386    
  287.102234    
  287.102081    
  287.101959    
  287.101807    
  287.101654    
  287.101501    
  287.101349    
  287.101196    
  287.101044    
  287.100891    
  287.100739    
  287.100586    
  287.100433    
  287.100311    
  287.100159    
  287.100006    
  287.099854    
  287.099701    
  287.099548    
  287.099396    
  287.099243    
  287.099091    
  287.098938    
  287.098785    
  287.098663    
  287.098511    
  287.098358    
  287.098206    
  287.229401    
  287.229248    
  287.229065    
  287.228912    
  287.228760    
  287.228607    
  287.228455    
  287.228302    
  287.228149    
  287.227997    
  287.227844    
  287.227661    
  287.227509    
  287.227356    
  287.227203    
  287.227051    
  287.226898    
  287.226746    
  287.226593    
  287.226440    
  287.226257    
  287.226105    
  287.225952    
  287.225800    
  287.225647    
  287.225494    
  287.225342    
  287.225189    
  287.225037    
  287.224854    
  287.356293    
  287.356110    
  287.355957    
  287.355804    
  287.355621    
  287.355469    
  287.355316    
  287.355133    
  287.354980    
  287.354828    
  287.354645    
  287.354492    
  287.354340    
  287.354156    
  287.354004    
  287.353851    
  287.353699    
  287.353516    
  287.353363    
  287.353210    
  287.353027    
  287.352875    
  287.352722    
  287.352539    
  287.352386    
  287.352234    
  287.352051    
  287.351898    
  287.351746    
  287.351562    
  287.483185    
  287.483002    
  287.482819    
  287.482666    
  287.482483    
  287.482330    
  287.482147    
  287.481995    
  287.481812    
  287.481659    
  287.481476    
  287.481323    
  287.481140    
  287.480988    
  287.480804    
  287.480652    
  287.480469    
  287.480316    
  287.480133    
  287.479980    
  287.479797    
  287.479645    
  287.479462    
  287.479309    
  287.479126    
  287.478973    
  287.478790    
  287.478638    
  287.478455    
  287.478302    
  287.610138    
  287.609955    
  287.609772    
  287.609589    
  287.609436    
  287.609253    
  287.609070    
  287.608917    
  287.608734    
  287.608551    
  287.608368    
  287.608215    
  287.608032    
  287.607849    
  287.607666    
  287.607513    
  287.607330    
  287.607147    
  287.606995    
  287.606812    
  287.606628    
  287.606445    
  287.606293    
  287.606110    
  287.605927    
  287.605774    
  287.605591    
  287.605408    
  287.605225    
  287.605072    
  287.737030    
  287.736847    
  287.736664    
  287.736511    
  287.736328    
  287.736145    
  287.735962    
  287.735779    
  287.735596    
  287.735413    
  287.735229    
  287.735046    
  287.734863    
  287.734680    
  287.734497    
  287.734314    
  287.734161    
  287.733978    
  287.733795    
  287.733612    
  287.733429    
  287.733246    
  287.733063    
  287.732880    
  287.732697    
  287.732513    
  287.732330    
  287.732147    
  287.731995    
  287.731812    
  287.864044    
  287.863861    
  287.863678    
  287.863495    
  287.863312    
  287.863098    
  287.862915    
  287.862732    
  287.862549    
  287.862366    
  287.862183    
  287.862000    
  287.861816    
  287.861633    
  287.861420    
  287.861237    
  287.861053    
  287.860870    
  287.860687    
  287.860504    
  287.860321    
  287.860138    
  287.859924    
  287.859741    
  287.859558    
  287.859375    
  287.859192    
  287.859009    
  287.858826    
  287.858643    
  287.991119    
  287.990936    
  287.990723    
  287.990540    
  287.990356    
  287.990143    
  287.989960    
  287.989777    
  287.989563    
  287.989380    
  287.989197    
  287.988983    
  287.988800    
  287.988617    
  287.988403    
  287.988220    
  287.988037    
  287.987823    
  287.987640    
  287.987457    
  287.987244    
  287.987061    
  287.986877    
  287.986664    
  287.986481    
  287.986298    
  287.986084    
  287.985901    
  287.985718    
  287.985504    
  288.127350    
  288.127136    
  288.126923    
  288.126740    
  288.126526    
  288.126343    
  288.126129    
  288.125916    
  288.125732    
  288.125519    
  288.125336    
  288.125122    
  288.124908    
  288.124725    
  288.124512    
  288.124329    
  288.124115    
  288.123901    
  288.123718    
  288.123505    
  288.123322    
  288.123108    
  288.122894    
  288.122711    
  288.122498    
  288.122314    
  288.122101    
  288.121887    
  288.121704    
  288.121490    
  288.274139    
  288.273956    
  288.273743    
  288.273529    
  288.273315    
  288.273102    
  288.272888    
  288.272675    
  288.272461    
  288.272247    
  288.272034    
  288.271820    
  288.271606    
  288.271393    
  288.271179    
  288.270966    
  288.270752    
  288.270538    
  288.270325    
  288.270111    
  288.269897    
  288.269684    
  288.269470    
  288.269287    
  288.269073    
  288.268860    
  288.268646    
  288.268433    
  288.268219    
  288.268005    
  288.421906    
  288.421661    
  288.421448    
  288.421234    
  288.420990    
  288.420776    
  288.420563    
  288.420349    
  288.420105    
  288.419891    
  288.419678    
  288.419464    
  288.419220    
  288.419006    
  288.418793    
  288.418549    
  288.418335    
  288.418121    
  288.417908    
  288.417664    
  288.417450    
  288.417236    
  288.417023    
  288.416779    
  288.416565    
  288.416351    
  288.416138    
  288.415894    
  288.415680    
  288.415466    
  288.572113    
  288.571899    
  288.571655    
  288.571442    
  288.571198    
  288.570984    
  288.570740    
  288.570526    
  288.570282    
  288.570068    
  288.569824    
  288.569611    
  288.569366    
  288.569153    
  288.568939    
  288.568695    
  288.568481    
  288.568237    
  288.568024    
  288.567780    
  288.567566    
  288.567322    
  288.567108    
  288.566864    
  288.566650    
  288.566406    
  288.566193    
  288.565948    
  288.565735    
  288.565491    
  288.722351    
  288.722107    
  288.721863    
  288.721649    
  288.721405    
  288.721161    
  288.720947    
  288.720703    
  288.720459    
  288.720215    
  288.720001    
  288.719757    
  288.719513    
  288.719299    
  288.719055    
  288.718811    
  288.718597    
  288.718353    
  288.718109    
  288.717896    
  288.717651    
  288.717407    
  288.717194    
  288.716949    
  288.716705    
  288.716492    
  288.716248    
  288.716003    
  288.715790    
  288.715546    
  288.872559    
  288.872314    
  288.872070    
  288.871857    
  288.871613    
  288.871368    
  288.871124    
  288.870880    
  288.870636    
  288.870392    
  288.870148    
  288.869934    
  288.869690    
  288.869446    
  288.869202    
  288.868958    
  288.868713    
  288.868469    
  288.868225    
  288.868011    
  288.867767    
  288.867523    
  288.867279    
  288.867035    
  288.866791    
  288.866547    
  288.866302    
  288.866058    
  288.865845    
  288.865601    
  289.022766    
  289.022522    
  289.022278    
  289.022034    
  289.021790    
  289.021545    
  289.021301    
  289.021057    
  289.020813    
  289.020569    
  289.020325    
  289.020050    
  289.019806    
  289.019562    
  289.019318    
  289.019073    
  289.018829    
  289.018585    
  289.018341    
  289.018097    
  289.017853    
  289.017609    
  289.017365    
  289.017090    
  289.016846    
  289.016602    
  289.016357    
  289.016113    
  289.015869    
  289.015625    
  289.173035    
  289.172760    
  289.172516    
  289.172272    
  289.171997    
  289.171753    
  289.171509    
  289.171265    
  289.170990    
  289.170746    
  289.170502    
  289.170258    
  289.169983    
  289.169739    
  289.169495    
  289.169220    
  289.168976    
  289.168732    
  289.168488    
  289.168213    
  289.167969    
  289.167725    
  289.167450    
  289.167206    
  289.166962    
  289.166718    
  289.166443    
  289.166199    
  289.165955    
  289.165680    
  289.323273    
  289.322998    
  289.322754    
  289.322479    
  289.322235    
  289.321960    
  289.321716    
  289.321442    
  289.321198    
  289.320923    
  289.320679    
  289.320404    
  289.320160    
  289.319916    
  289.319641    
  289.319397    
  289.319122    
  289.318878    
  289.318604    
  289.318359    
  289.318085    
  289.317841    
  289.317566    
  289.317322    
  289.317047    
  289.316803    
  289.316528    
  289.316284    
  289.316010    
  289.315765    
  289.473480    
  289.473236    
  289.472961    
  289.472687    
  289.472443    
  289.472168    
  289.471893    
  289.471649    
  289.471375    
  289.471100    
  289.470825    
  289.470581    
  289.470306    
  289.470032    
  289.469788    
  289.469513    
  289.469238    
  289.468994    
  289.468719    
  289.468445    
  289.468201    
  289.467926    
  289.467651    
  289.467407    
  289.467133    
  289.466858    
  289.466614    
  289.466339    
  289.466064    
  289.465790    
  289.623718    
  289.623444    
  289.623169    
  289.622894    
  289.622620    
  289.622345    
  289.622070    
  289.621796    
  289.621552    
  289.621277    
  289.621002    
  289.620728    
  289.620453    
  289.620178    
  289.619904    
  289.619629    
  289.619354    
  289.619110    
  289.618835    
  289.618561    
  289.618286    
  289.618011    
  289.617737    
  289.617462    
  289.617188    
  289.616913    
  289.616669    
  289.616394    
  289.616119    
  289.615845    
)
;


// ************************************************************************* //
