      900
(
  285.797089    
  285.796753    
  285.796448    
  285.796112    
  285.795807    
  285.795502    
  285.795166    
  285.794861    
  285.794525    
  285.794220    
  285.793884    
  285.793579    
  285.793274    
  285.792938    
  285.792633    
  285.792297    
  285.791992    
  285.791656    
  285.791351    
  285.791046    
  285.790710    
  285.790405    
  285.790070    
  285.789764    
  285.789429    
  285.789124    
  285.788818    
  285.788483    
  285.788177    
  285.787842    
  285.796997    
  285.796661    
  285.796356    
  285.796051    
  285.795715    
  285.795410    
  285.795074    
  285.794769    
  285.794434    
  285.794128    
  285.793823    
  285.793488    
  285.793182    
  285.792847    
  285.792542    
  285.792206    
  285.791901    
  285.791595    
  285.791260    
  285.790955    
  285.790619    
  285.790314    
  285.789978    
  285.789673    
  285.789368    
  285.789032    
  285.788727    
  285.788391    
  285.788086    
  285.787781    
  285.796906    
  285.796600    
  285.796265    
  285.795959    
  285.795624    
  285.795319    
  285.794983    
  285.794678    
  285.794373    
  285.794037    
  285.793732    
  285.793396    
  285.793091    
  285.792755    
  285.792450    
  285.792145    
  285.791809    
  285.791504    
  285.791168    
  285.790863    
  285.790558    
  285.790222    
  285.789917    
  285.789581    
  285.789276    
  285.788940    
  285.788635    
  285.788330    
  285.787994    
  285.787689    
  285.796814    
  285.796509    
  285.796173    
  285.795868    
  285.795532    
  285.795227    
  285.794922    
  285.794586    
  285.794281    
  285.793945    
  285.793640    
  285.793335    
  285.792999    
  285.792694    
  285.792358    
  285.792053    
  285.791718    
  285.791412    
  285.791107    
  285.790771    
  285.790466    
  285.790131    
  285.789825    
  285.789490    
  285.789185    
  285.788879    
  285.788544    
  285.788239    
  285.787903    
  285.787598    
  285.796722    
  285.796417    
  285.796082    
  285.795776    
  285.795471    
  285.795135    
  285.794830    
  285.794495    
  285.794189    
  285.793884    
  285.793549    
  285.793243    
  285.792908    
  285.792603    
  285.792267    
  285.791962    
  285.791656    
  285.791321    
  285.791016    
  285.790680    
  285.790375    
  285.790039    
  285.789734    
  285.789429    
  285.789093    
  285.788788    
  285.788452    
  285.788147    
  285.787842    
  285.787506    
  285.796661    
  285.796326    
  285.796021    
  285.795685    
  285.795380    
  285.795044    
  285.794739    
  285.794434    
  285.794098    
  285.793793    
  285.793457    
  285.793152    
  285.792816    
  285.792511    
  285.792206    
  285.791870    
  285.791565    
  285.791229    
  285.790924    
  285.790619    
  285.790283    
  285.789978    
  285.789642    
  285.789337    
  285.789001    
  285.788696    
  285.788391    
  285.788055    
  285.787750    
  285.787415    
  285.796570    
  285.796234    
  285.795929    
  285.795593    
  285.795288    
  285.794983    
  285.794647    
  285.794342    
  285.794006    
  285.793701    
  285.793365    
  285.793060    
  285.792755    
  285.792419    
  285.792114    
  285.791779    
  285.791473    
  285.791168    
  285.790833    
  285.790527    
  285.790192    
  285.789886    
  285.789551    
  285.789246    
  285.788940    
  285.788605    
  285.788300    
  285.787964    
  285.787659    
  285.787354    
  285.796478    
  285.796143    
  285.795837    
  285.795532    
  285.795197    
  285.794891    
  285.794556    
  285.794250    
  285.793945    
  285.793610    
  285.793304    
  285.792969    
  285.792664    
  285.792328    
  285.792023    
  285.791718    
  285.791382    
  285.791077    
  285.790741    
  285.790436    
  285.790100    
  285.789795    
  285.789490    
  285.789154    
  285.788849    
  285.788513    
  285.788208    
  285.787903    
  285.787567    
  285.787262    
  285.796387    
  285.796082    
  285.795746    
  285.795441    
  285.795105    
  285.794800    
  285.794495    
  285.794159    
  285.793854    
  285.793518    
  285.793213    
  285.792877    
  285.792572    
  285.792267    
  285.791931    
  285.791626    
  285.791290    
  285.790985    
  285.790680    
  285.790344    
  285.790039    
  285.789703    
  285.789398    
  285.789062    
  285.788757    
  285.788452    
  285.788116    
  285.787811    
  285.787476    
  285.787170    
  285.796295    
  285.795990    
  285.795654    
  285.795349    
  285.795044    
  285.794708    
  285.794403    
  285.794067    
  285.793762    
  285.793427    
  285.793121    
  285.792816    
  285.792480    
  285.792175    
  285.791840    
  285.791534    
  285.791229    
  285.790894    
  285.790588    
  285.790253    
  285.789948    
  285.789612    
  285.789307    
  285.789001    
  285.788666    
  285.788361    
  285.788025    
  285.787720    
  285.787415    
  285.787079    
  285.796204    
  285.795898    
  285.795593    
  285.795258    
  285.794952    
  285.794617    
  285.794312    
  285.793976    
  285.793671    
  285.793365    
  285.793030    
  285.792725    
  285.792389    
  285.792084    
  285.791779    
  285.791443    
  285.791138    
  285.790802    
  285.790497    
  285.790161    
  285.789856    
  285.789551    
  285.789215    
  285.788910    
  285.788574    
  285.788269    
  285.787964    
  285.787628    
  285.787323    
  285.786987    
  285.796143    
  285.795807    
  285.795502    
  285.795166    
  285.794861    
  285.794525    
  285.794220    
  285.793915    
  285.793579    
  285.793274    
  285.792938    
  285.792633    
  285.792328    
  285.791992    
  285.791687    
  285.791351    
  285.791046    
  285.790741    
  285.790405    
  285.790100    
  285.789764    
  285.789459    
  285.789124    
  285.788818    
  285.788513    
  285.788177    
  285.787872    
  285.787537    
  285.787231    
  285.786926    
  285.796051    
  285.795715    
  285.795410    
  285.795074    
  285.794769    
  285.794464    
  285.794128    
  285.793823    
  285.793488    
  285.793182    
  285.792877    
  285.792542    
  285.792236    
  285.791901    
  285.791595    
  285.791290    
  285.790955    
  285.790649    
  285.790314    
  285.790009    
  285.789673    
  285.789368    
  285.789062    
  285.788727    
  285.788422    
  285.788086    
  285.787781    
  285.787476    
  285.787140    
  285.786835    
  285.795959    
  285.795624    
  285.795319    
  285.795013    
  285.794678    
  285.794373    
  285.794037    
  285.793732    
  285.793427    
  285.793091    
  285.792786    
  285.792450    
  285.792145    
  285.791840    
  285.791504    
  285.791199    
  285.790863    
  285.790558    
  285.790222    
  285.789917    
  285.789612    
  285.789276    
  285.788971    
  285.788635    
  285.788330    
  285.788025    
  285.787689    
  285.787384    
  285.787048    
  285.786743    
  285.795868    
  285.795563    
  285.795227    
  285.794922    
  285.794586    
  285.794281    
  285.793976    
  285.793640    
  285.793335    
  285.792999    
  285.792694    
  285.792389    
  285.792053    
  285.791748    
  285.791412    
  285.791107    
  285.790802    
  285.790466    
  285.790161    
  285.789825    
  285.789520    
  285.789185    
  285.788879    
  285.788574    
  285.788239    
  285.787933    
  285.787598    
  285.787292    
  285.786987    
  285.786652    
  285.795776    
  285.795471    
  285.795135    
  285.794830    
  285.794525    
  285.794189    
  285.793884    
  285.793549    
  285.793243    
  285.792938    
  285.792603    
  285.792297    
  285.791962    
  285.791656    
  285.791351    
  285.791016    
  285.790710    
  285.790375    
  285.790070    
  285.789734    
  285.789429    
  285.789124    
  285.788788    
  285.788483    
  285.788147    
  285.787842    
  285.787537    
  285.787201    
  285.786896    
  285.786560    
  285.795685    
  285.795380    
  285.795074    
  285.794739    
  285.794434    
  285.794098    
  285.793793    
  285.793488    
  285.793152    
  285.792847    
  285.792511    
  285.792206    
  285.791901    
  285.791565    
  285.791260    
  285.790924    
  285.790619    
  285.790283    
  285.789978    
  285.789673    
  285.789337    
  285.789032    
  285.788696    
  285.788391    
  285.788086    
  285.787750    
  285.787445    
  285.787109    
  285.786804    
  285.786499    
  285.795624    
  285.795288    
  285.794983    
  285.794647    
  285.794342    
  285.794037    
  285.793701    
  285.793396    
  285.793060    
  285.792755    
  285.792450    
  285.792114    
  285.791809    
  285.791473    
  285.791168    
  285.790833    
  285.790527    
  285.790222    
  285.789886    
  285.789581    
  285.789246    
  285.788940    
  285.788635    
  285.788300    
  285.787994    
  285.787659    
  285.787354    
  285.787048    
  285.786713    
  285.786407    
  285.795532    
  285.795197    
  285.794891    
  285.794586    
  285.794250    
  285.793945    
  285.793610    
  285.793304    
  285.792999    
  285.792664    
  285.792358    
  285.792023    
  285.791718    
  285.791382    
  285.791077    
  285.790771    
  285.790436    
  285.790131    
  285.789795    
  285.789490    
  285.789185    
  285.788849    
  285.788544    
  285.788208    
  285.787903    
  285.787598    
  285.787262    
  285.786957    
  285.786621    
  285.786316    
  285.795441    
  285.795135    
  285.794800    
  285.794495    
  285.794159    
  285.793854    
  285.793549    
  285.793213    
  285.792908    
  285.792572    
  285.792267    
  285.791931    
  285.791626    
  285.791321    
  285.790985    
  285.790680    
  285.790344    
  285.790039    
  285.789734    
  285.789398    
  285.789093    
  285.788757    
  285.788452    
  285.788147    
  285.787811    
  285.787506    
  285.787170    
  285.786865    
  285.786560    
  285.786224    
  285.795349    
  285.795044    
  285.794708    
  285.794403    
  285.794098    
  285.793762    
  285.793457    
  285.793121    
  285.792816    
  285.792480    
  285.792175    
  285.791870    
  285.791534    
  285.791229    
  285.790894    
  285.790588    
  285.790283    
  285.789948    
  285.789642    
  285.789307    
  285.789001    
  285.788696    
  285.788361    
  285.788055    
  285.787720    
  285.787415    
  285.787109    
  285.786774    
  285.786469    
  285.786133    
  285.795258    
  285.794952    
  285.794617    
  285.794312    
  285.794006    
  285.793671    
  285.793365    
  285.793030    
  285.792725    
  285.792419    
  285.792084    
  285.791779    
  285.791443    
  285.791138    
  285.790833    
  285.790497    
  285.790192    
  285.789856    
  285.789551    
  285.789246    
  285.788910    
  285.788605    
  285.788269    
  285.787964    
  285.787659    
  285.787323    
  285.787018    
  285.786682    
  285.786377    
  285.786072    
  285.795166    
  285.794861    
  285.794556    
  285.794220    
  285.793915    
  285.793579    
  285.793274    
  285.792969    
  285.792633    
  285.792328    
  285.791992    
  285.791687    
  285.791382    
  285.791046    
  285.790741    
  285.790405    
  285.790100    
  285.789795    
  285.789459    
  285.789154    
  285.788818    
  285.788513    
  285.788208    
  285.787872    
  285.787567    
  285.787231    
  285.786926    
  285.786621    
  285.786285    
  285.785980    
  285.795105    
  285.794769    
  285.794464    
  285.794128    
  285.793823    
  285.793518    
  285.793182    
  285.792877    
  285.792542    
  285.792236    
  285.791931    
  285.791595    
  285.791290    
  285.790955    
  285.790649    
  285.790344    
  285.790009    
  285.789703    
  285.789368    
  285.789062    
  285.788757    
  285.788422    
  285.788116    
  285.787781    
  285.787476    
  285.787170    
  285.786835    
  285.786530    
  285.786194    
  285.785889    
  285.795013    
  285.794678    
  285.794373    
  285.794067    
  285.793732    
  285.793427    
  285.793091    
  285.792786    
  285.792480    
  285.792145    
  285.791840    
  285.791504    
  285.791199    
  285.790894    
  285.790558    
  285.790253    
  285.789917    
  285.789612    
  285.789307    
  285.788971    
  285.788666    
  285.788330    
  285.788025    
  285.787720    
  285.787384    
  285.787079    
  285.786743    
  285.786438    
  285.786133    
  285.785797    
  285.794922    
  285.794617    
  285.794281    
  285.793976    
  285.793640    
  285.793335    
  285.793030    
  285.792694    
  285.792389    
  285.792053    
  285.791748    
  285.791443    
  285.791107    
  285.790802    
  285.790466    
  285.790161    
  285.789856    
  285.789520    
  285.789215    
  285.788879    
  285.788574    
  285.788269    
  285.787933    
  285.787628    
  285.787292    
  285.786987    
  285.786682    
  285.786346    
  285.786041    
  285.785706    
  285.794830    
  285.794525    
  285.794189    
  285.793884    
  285.793579    
  285.793243    
  285.792938    
  285.792603    
  285.792297    
  285.791992    
  285.791656    
  285.791351    
  285.791016    
  285.790710    
  285.790405    
  285.790070    
  285.789764    
  285.789429    
  285.789124    
  285.788818    
  285.788483    
  285.788177    
  285.787842    
  285.787537    
  285.787231    
  285.786896    
  285.786591    
  285.786255    
  285.785950    
  285.785645    
  285.794739    
  285.794434    
  285.794128    
  285.793793    
  285.793488    
  285.793152    
  285.792847    
  285.792542    
  285.792206    
  285.791901    
  285.791565    
  285.791260    
  285.790955    
  285.790619    
  285.790314    
  285.789978    
  285.789673    
  285.789368    
  285.789032    
  285.788727    
  285.788391    
  285.788086    
  285.787781    
  285.787445    
  285.787140    
  285.786804    
  285.786499    
  285.786194    
  285.785858    
  285.785553    
  285.794678    
  285.794342    
  285.794037    
  285.793701    
  285.793396    
  285.793091    
  285.792755    
  285.792450    
  285.792114    
  285.791809    
  285.791504    
  285.791168    
  285.790863    
  285.790527    
  285.790222    
  285.789917    
  285.789581    
  285.789276    
  285.788940    
  285.788635    
  285.788330    
  285.787994    
  285.787689    
  285.787354    
  285.787048    
  285.786743    
  285.786407    
  285.786102    
  285.785767    
  285.785461    
  285.794586    
  285.794250    
  285.793945    
  285.793640    
  285.793304    
  285.792999    
  285.792664    
  285.792358    
  285.792053    
  285.791718    
  285.791412    
  285.791077    
  285.790771    
  285.790466    
  285.790131    
  285.789825    
  285.789490    
  285.789185    
  285.788879    
  285.788544    
  285.788239    
  285.787903    
  285.787598    
  285.787292    
  285.786957    
  285.786652    
  285.786316    
  285.786011    
  285.785706    
  285.785370    
)
;


// ************************************************************************* //
