      900
(
(   0.8045775    9.4484777   -0.0000329)
(   0.8041937    9.4482985   -0.0000329)
(   0.8038098    9.4481182   -0.0000329)
(   0.8034259    9.4479389   -0.0000330)
(   0.8030419    9.4477587   -0.0000330)
(   0.8026581    9.4475784   -0.0000331)
(   0.8022742    9.4473991   -0.0000331)
(   0.8018904    9.4472198   -0.0000331)
(   0.8015065    9.4470396   -0.0000332)
(   0.8011225    9.4468603   -0.0000332)
(   0.8007386    9.4466801   -0.0000333)
(   0.8003548    9.4464998   -0.0000333)
(   0.7999709    9.4463205   -0.0000333)
(   0.7995870    9.4461412   -0.0000334)
(   0.7992031    9.4459610   -0.0000334)
(   0.7988192    9.4457817   -0.0000335)
(   0.7984353    9.4456005   -0.0000335)
(   0.7980514    9.4454212   -0.0000335)
(   0.7976675    9.4452419   -0.0000336)
(   0.7972836    9.4450617   -0.0000336)
(   0.7968998    9.4448824   -0.0000337)
(   0.7965158    9.4447031   -0.0000337)
(   0.7961320    9.4445219   -0.0000337)
(   0.7957481    9.4443426   -0.0000338)
(   0.7953642    9.4441633   -0.0000338)
(   0.7949803    9.4439831   -0.0000339)
(   0.7945964    9.4438038   -0.0000339)
(   0.7942125    9.4436245   -0.0000339)
(   0.7938286    9.4434433   -0.0000340)
(   0.7934448    9.4432640   -0.0000340)
(   0.8044947    9.4485121   -0.0000328)
(   0.8041108    9.4483318   -0.0000329)
(   0.8037268    9.4481525   -0.0000329)
(   0.8033428    9.4479723   -0.0000329)
(   0.8029588    9.4477930   -0.0000330)
(   0.8025749    9.4476137   -0.0000330)
(   0.8021909    9.4474325   -0.0000331)
(   0.8018069    9.4472532   -0.0000331)
(   0.8014230    9.4470739   -0.0000331)
(   0.8010390    9.4468937   -0.0000332)
(   0.8006549    9.4467144   -0.0000332)
(   0.8002710    9.4465351   -0.0000333)
(   0.7998870    9.4463549   -0.0000333)
(   0.7995030    9.4461756   -0.0000333)
(   0.7991191    9.4459963   -0.0000334)
(   0.7987350    9.4458160   -0.0000334)
(   0.7983512    9.4456367   -0.0000335)
(   0.7979672    9.4454575   -0.0000335)
(   0.7975832    9.4452772   -0.0000335)
(   0.7971992    9.4450970   -0.0000336)
(   0.7968152    9.4449167   -0.0000336)
(   0.7964313    9.4447374   -0.0000337)
(   0.7960473    9.4445581   -0.0000337)
(   0.7956634    9.4443779   -0.0000337)
(   0.7952793    9.4441986   -0.0000338)
(   0.7948953    9.4440193   -0.0000338)
(   0.7945114    9.4438391   -0.0000339)
(   0.7941273    9.4436598   -0.0000339)
(   0.7937434    9.4434805   -0.0000339)
(   0.7933594    9.4433002   -0.0000340)
(   0.8044119    9.4485455   -0.0000328)
(   0.8040278    9.4483662   -0.0000328)
(   0.8036438    9.4481859   -0.0000329)
(   0.8032597    9.4480066   -0.0000329)
(   0.8028756    9.4478273   -0.0000329)
(   0.8024915    9.4476471   -0.0000330)
(   0.8021075    9.4474678   -0.0000330)
(   0.8017235    9.4472876   -0.0000331)
(   0.8013394    9.4471083   -0.0000331)
(   0.8009554    9.4469290   -0.0000331)
(   0.8005713    9.4467487   -0.0000332)
(   0.8001872    9.4465694   -0.0000332)
(   0.7998031    9.4463902   -0.0000333)
(   0.7994192    9.4462099   -0.0000333)
(   0.7990351    9.4460306   -0.0000333)
(   0.7986510    9.4458513   -0.0000334)
(   0.7982669    9.4456711   -0.0000334)
(   0.7978829    9.4454918   -0.0000335)
(   0.7974988    9.4453125   -0.0000335)
(   0.7971147    9.4451323   -0.0000335)
(   0.7967307    9.4449530   -0.0000336)
(   0.7963466    9.4447737   -0.0000336)
(   0.7959626    9.4445934   -0.0000337)
(   0.7955785    9.4444141   -0.0000337)
(   0.7951944    9.4442339   -0.0000338)
(   0.7948104    9.4440546   -0.0000338)
(   0.7944263    9.4438753   -0.0000338)
(   0.7940422    9.4436951   -0.0000339)
(   0.7936583    9.4435158   -0.0000339)
(   0.7932742    9.4433365   -0.0000340)
(   0.8043290    9.4485779   -0.0000327)
(   0.8039449    9.4483995   -0.0000328)
(   0.8035607    9.4482203   -0.0000328)
(   0.8031766    9.4480400   -0.0000329)
(   0.8027924    9.4478607   -0.0000329)
(   0.8024083    9.4476814   -0.0000329)
(   0.8020242    9.4475012   -0.0000330)
(   0.8016400    9.4473219   -0.0000330)
(   0.8012559    9.4471426   -0.0000331)
(   0.8008718    9.4469624   -0.0000331)
(   0.8004876    9.4467831   -0.0000331)
(   0.8001035    9.4466047   -0.0000332)
(   0.7997193    9.4464245   -0.0000332)
(   0.7993352    9.4462452   -0.0000333)
(   0.7989510    9.4460649   -0.0000333)
(   0.7985668    9.4458857   -0.0000334)
(   0.7981827    9.4457064   -0.0000334)
(   0.7977986    9.4455261   -0.0000334)
(   0.7974144    9.4453468   -0.0000335)
(   0.7970303    9.4451675   -0.0000335)
(   0.7966462    9.4449873   -0.0000336)
(   0.7962620    9.4448090   -0.0000336)
(   0.7958778    9.4446297   -0.0000336)
(   0.7954937    9.4444494   -0.0000337)
(   0.7951095    9.4442701   -0.0000337)
(   0.7947255    9.4440908   -0.0000338)
(   0.7943413    9.4439106   -0.0000338)
(   0.7939572    9.4437313   -0.0000338)
(   0.7935730    9.4435511   -0.0000339)
(   0.7931888    9.4433718   -0.0000339)
(   0.8042462    9.4486122   -0.0000327)
(   0.8038620    9.4484320   -0.0000328)
(   0.8034777    9.4482536   -0.0000328)
(   0.8030935    9.4480743   -0.0000328)
(   0.8027092    9.4478941   -0.0000329)
(   0.8023250    9.4477148   -0.0000329)
(   0.8019409    9.4475355   -0.0000330)
(   0.8015566    9.4473562   -0.0000330)
(   0.8011724    9.4471769   -0.0000330)
(   0.8007882    9.4469976   -0.0000331)
(   0.8004040    9.4468174   -0.0000331)
(   0.8000197    9.4466381   -0.0000332)
(   0.7996354    9.4464588   -0.0000332)
(   0.7992512    9.4462795   -0.0000332)
(   0.7988670    9.4461002   -0.0000333)
(   0.7984828    9.4459200   -0.0000333)
(   0.7980985    9.4457407   -0.0000334)
(   0.7977144    9.4455614   -0.0000334)
(   0.7973300    9.4453821   -0.0000334)
(   0.7969458    9.4452028   -0.0000335)
(   0.7965616    9.4450235   -0.0000335)
(   0.7961774    9.4448433   -0.0000336)
(   0.7957932    9.4446640   -0.0000336)
(   0.7954090    9.4444857   -0.0000336)
(   0.7950247    9.4443054   -0.0000337)
(   0.7946404    9.4441261   -0.0000337)
(   0.7942563    9.4439468   -0.0000338)
(   0.7938720    9.4437666   -0.0000338)
(   0.7934878    9.4435883   -0.0000338)
(   0.7931035    9.4434080   -0.0000339)
(   0.8041633    9.4486456   -0.0000327)
(   0.8037790    9.4484663   -0.0000327)
(   0.8033947    9.4482880   -0.0000328)
(   0.8030105    9.4481077   -0.0000328)
(   0.8026261    9.4479284   -0.0000328)
(   0.8022418    9.4477482   -0.0000329)
(   0.8018575    9.4475698   -0.0000329)
(   0.8014731    9.4473906   -0.0000330)
(   0.8010889    9.4472103   -0.0000330)
(   0.8007046    9.4470310   -0.0000330)
(   0.8003201    9.4468527   -0.0000331)
(   0.7999359    9.4466724   -0.0000331)
(   0.7995516    9.4464931   -0.0000332)
(   0.7991673    9.4463148   -0.0000332)
(   0.7987829    9.4461346   -0.0000332)
(   0.7983986    9.4459553   -0.0000333)
(   0.7980143    9.4457760   -0.0000333)
(   0.7976300    9.4455967   -0.0000334)
(   0.7972457    9.4454174   -0.0000334)
(   0.7968614    9.4452372   -0.0000334)
(   0.7964771    9.4450588   -0.0000335)
(   0.7960928    9.4448795   -0.0000335)
(   0.7957085    9.4446993   -0.0000336)
(   0.7953241    9.4445200   -0.0000336)
(   0.7949398    9.4443417   -0.0000336)
(   0.7945555    9.4441614   -0.0000337)
(   0.7941712    9.4439821   -0.0000337)
(   0.7937869    9.4438038   -0.0000338)
(   0.7934026    9.4436235   -0.0000338)
(   0.7930182    9.4434443   -0.0000338)
(   0.8040805    9.4486799   -0.0000326)
(   0.8036962    9.4484997   -0.0000327)
(   0.8033117    9.4483204   -0.0000327)
(   0.8029273    9.4481421   -0.0000328)
(   0.8025429    9.4479618   -0.0000328)
(   0.8021585    9.4477835   -0.0000328)
(   0.8017741    9.4476042   -0.0000329)
(   0.8013898    9.4474239   -0.0000329)
(   0.8010053    9.4472456   -0.0000330)
(   0.8006209    9.4470654   -0.0000330)
(   0.8002365    9.4468861   -0.0000330)
(   0.7998521    9.4467077   -0.0000331)
(   0.7994677    9.4465275   -0.0000331)
(   0.7990832    9.4463491   -0.0000332)
(   0.7986990    9.4461699   -0.0000332)
(   0.7983146    9.4459896   -0.0000332)
(   0.7979302    9.4458113   -0.0000333)
(   0.7975457    9.4456320   -0.0000333)
(   0.7971613    9.4454517   -0.0000334)
(   0.7967770    9.4452734   -0.0000334)
(   0.7963925    9.4450941   -0.0000334)
(   0.7960081    9.4449139   -0.0000335)
(   0.7956237    9.4447355   -0.0000335)
(   0.7952393    9.4445553   -0.0000336)
(   0.7948549    9.4443769   -0.0000336)
(   0.7944705    9.4441977   -0.0000336)
(   0.7940861    9.4440174   -0.0000337)
(   0.7937018    9.4438391   -0.0000337)
(   0.7933173    9.4436598   -0.0000338)
(   0.7929330    9.4434795   -0.0000338)
(   0.8039976    9.4487133   -0.0000326)
(   0.8036132    9.4485340   -0.0000326)
(   0.8032287    9.4483538   -0.0000327)
(   0.8028442    9.4481754   -0.0000327)
(   0.8024597    9.4479961   -0.0000328)
(   0.8020752    9.4478168   -0.0000328)
(   0.8016907    9.4476376   -0.0000328)
(   0.8013062    9.4474592   -0.0000329)
(   0.8009218    9.4472790   -0.0000329)
(   0.8005373    9.4471006   -0.0000330)
(   0.8001528    9.4469213   -0.0000330)
(   0.7997684    9.4467421   -0.0000330)
(   0.7993839    9.4465628   -0.0000331)
(   0.7989994    9.4463825   -0.0000331)
(   0.7986149    9.4462042   -0.0000332)
(   0.7982304    9.4460249   -0.0000332)
(   0.7978460    9.4458456   -0.0000332)
(   0.7974615    9.4456663   -0.0000333)
(   0.7970769    9.4454880   -0.0000333)
(   0.7966925    9.4453077   -0.0000334)
(   0.7963080    9.4451294   -0.0000334)
(   0.7959235    9.4449501   -0.0000334)
(   0.7955390    9.4447708   -0.0000335)
(   0.7951545    9.4445915   -0.0000335)
(   0.7947700    9.4444122   -0.0000336)
(   0.7943856    9.4442329   -0.0000336)
(   0.7940011    9.4440536   -0.0000337)
(   0.7936166    9.4438744   -0.0000337)
(   0.7932322    9.4436951   -0.0000337)
(   0.7928477    9.4435167   -0.0000338)
(   0.8039148    9.4487467   -0.0000326)
(   0.8035302    9.4485674   -0.0000326)
(   0.8031457    9.4483881   -0.0000326)
(   0.8027611    9.4482098   -0.0000327)
(   0.8023765    9.4480295   -0.0000327)
(   0.8019919    9.4478512   -0.0000328)
(   0.8016074    9.4476719   -0.0000328)
(   0.8012229    9.4474926   -0.0000329)
(   0.8008383    9.4473143   -0.0000329)
(   0.8004538    9.4471340   -0.0000329)
(   0.8000692    9.4469557   -0.0000330)
(   0.7996846    9.4467764   -0.0000330)
(   0.7993001    9.4465971   -0.0000331)
(   0.7989154    9.4464178   -0.0000331)
(   0.7985309    9.4462395   -0.0000331)
(   0.7981464    9.4460592   -0.0000332)
(   0.7977617    9.4458809   -0.0000332)
(   0.7973772    9.4457016   -0.0000333)
(   0.7969925    9.4455223   -0.0000333)
(   0.7966080    9.4453440   -0.0000333)
(   0.7962235    9.4451637   -0.0000334)
(   0.7958388    9.4449854   -0.0000334)
(   0.7954544    9.4448061   -0.0000335)
(   0.7950698    9.4446268   -0.0000335)
(   0.7946852    9.4444475   -0.0000335)
(   0.7943006    9.4442692   -0.0000336)
(   0.7939161    9.4440899   -0.0000336)
(   0.7935315    9.4439106   -0.0000337)
(   0.7931469    9.4437313   -0.0000337)
(   0.7927624    9.4435520   -0.0000337)
(   0.8038319    9.4487801   -0.0000325)
(   0.8034474    9.4486017   -0.0000326)
(   0.8030627    9.4484215   -0.0000326)
(   0.8026780    9.4482431   -0.0000327)
(   0.8022934    9.4480648   -0.0000327)
(   0.8019088    9.4478846   -0.0000327)
(   0.8015241    9.4477062   -0.0000328)
(   0.8011394    9.4475269   -0.0000328)
(   0.8007548    9.4473476   -0.0000329)
(   0.8003702    9.4471693   -0.0000329)
(   0.7999855    9.4469891   -0.0000329)
(   0.7996008    9.4468107   -0.0000330)
(   0.7992162    9.4466324   -0.0000330)
(   0.7988315    9.4464521   -0.0000331)
(   0.7984468    9.4462738   -0.0000331)
(   0.7980621    9.4460955   -0.0000331)
(   0.7976775    9.4459152   -0.0000332)
(   0.7972929    9.4457369   -0.0000332)
(   0.7969082    9.4455576   -0.0000333)
(   0.7965236    9.4453783   -0.0000333)
(   0.7961389    9.4452000   -0.0000333)
(   0.7957543    9.4450197   -0.0000334)
(   0.7953696    9.4448414   -0.0000334)
(   0.7949849    9.4446630   -0.0000335)
(   0.7946003    9.4444828   -0.0000335)
(   0.7942157    9.4443045   -0.0000335)
(   0.7938310    9.4441261   -0.0000336)
(   0.7934463    9.4439459   -0.0000336)
(   0.7930617    9.4437675   -0.0000337)
(   0.7926770    9.4435883   -0.0000337)
(   0.8037491    9.4488134   -0.0000325)
(   0.8033645    9.4486351   -0.0000325)
(   0.8029797    9.4484558   -0.0000326)
(   0.8025949    9.4482765   -0.0000326)
(   0.8022102    9.4480982   -0.0000327)
(   0.8018255    9.4479189   -0.0000327)
(   0.8014407    9.4477396   -0.0000327)
(   0.8010560    9.4475613   -0.0000328)
(   0.8006712    9.4473829   -0.0000328)
(   0.8002865    9.4472027   -0.0000329)
(   0.7999017    9.4470243   -0.0000329)
(   0.7995170    9.4468451   -0.0000329)
(   0.7991322    9.4466667   -0.0000330)
(   0.7987475    9.4464874   -0.0000330)
(   0.7983628    9.4463081   -0.0000331)
(   0.7979781    9.4461298   -0.0000331)
(   0.7975934    9.4459505   -0.0000331)
(   0.7972086    9.4457712   -0.0000332)
(   0.7968239    9.4455929   -0.0000332)
(   0.7964391    9.4454145   -0.0000333)
(   0.7960544    9.4452343   -0.0000333)
(   0.7956697    9.4450560   -0.0000333)
(   0.7952849    9.4448767   -0.0000334)
(   0.7949002    9.4446983   -0.0000334)
(   0.7945154    9.4445190   -0.0000335)
(   0.7941307    9.4443398   -0.0000335)
(   0.7937459    9.4441614   -0.0000335)
(   0.7933612    9.4439821   -0.0000336)
(   0.7929765    9.4438028   -0.0000336)
(   0.7925917    9.4436245   -0.0000337)
(   0.8036663    9.4488478   -0.0000325)
(   0.8032815    9.4486685   -0.0000325)
(   0.8028966    9.4484892   -0.0000325)
(   0.8025119    9.4483109   -0.0000326)
(   0.8021270    9.4481316   -0.0000326)
(   0.8017422    9.4479532   -0.0000327)
(   0.8013574    9.4477739   -0.0000327)
(   0.8009726    9.4475946   -0.0000327)
(   0.8005877    9.4474163   -0.0000328)
(   0.8002029    9.4472380   -0.0000328)
(   0.7998180    9.4470587   -0.0000329)
(   0.7994332    9.4468803   -0.0000329)
(   0.7990485    9.4467010   -0.0000329)
(   0.7986636    9.4465218   -0.0000330)
(   0.7982788    9.4463434   -0.0000330)
(   0.7978939    9.4461641   -0.0000331)
(   0.7975091    9.4459858   -0.0000331)
(   0.7971243    9.4458065   -0.0000331)
(   0.7967395    9.4456272   -0.0000332)
(   0.7963547    9.4454489   -0.0000332)
(   0.7959698    9.4452705   -0.0000333)
(   0.7955850    9.4450912   -0.0000333)
(   0.7952002    9.4449129   -0.0000333)
(   0.7948154    9.4447327   -0.0000334)
(   0.7944306    9.4445543   -0.0000334)
(   0.7940457    9.4443760   -0.0000335)
(   0.7936609    9.4441967   -0.0000335)
(   0.7932761    9.4440184   -0.0000335)
(   0.7928913    9.4438391   -0.0000336)
(   0.7925065    9.4436598   -0.0000336)
(   0.8035835    9.4488802   -0.0000324)
(   0.8031986    9.4487019   -0.0000325)
(   0.8028136    9.4485235   -0.0000325)
(   0.8024287    9.4483442   -0.0000325)
(   0.8020438    9.4481659   -0.0000326)
(   0.8016589    9.4479876   -0.0000326)
(   0.8012739    9.4478083   -0.0000327)
(   0.8008890    9.4476299   -0.0000327)
(   0.8005042    9.4474506   -0.0000327)
(   0.8001193    9.4472713   -0.0000328)
(   0.7997344    9.4470930   -0.0000328)
(   0.7993495    9.4469137   -0.0000329)
(   0.7989646    9.4467354   -0.0000329)
(   0.7985797    9.4465570   -0.0000329)
(   0.7981948    9.4463778   -0.0000330)
(   0.7978098    9.4461994   -0.0000330)
(   0.7974249    9.4460201   -0.0000331)
(   0.7970400    9.4458418   -0.0000331)
(   0.7966551    9.4456635   -0.0000331)
(   0.7962702    9.4454842   -0.0000332)
(   0.7958853    9.4453049   -0.0000332)
(   0.7955004    9.4451265   -0.0000333)
(   0.7951155    9.4449472   -0.0000333)
(   0.7947307    9.4447689   -0.0000333)
(   0.7943457    9.4445896   -0.0000334)
(   0.7939608    9.4444113   -0.0000334)
(   0.7935759    9.4442329   -0.0000335)
(   0.7931910    9.4440536   -0.0000335)
(   0.7928060    9.4438753   -0.0000335)
(   0.7924212    9.4436970   -0.0000336)
(   0.8035007    9.4489145   -0.0000324)
(   0.8031156    9.4487352   -0.0000324)
(   0.8027306    9.4485569   -0.0000325)
(   0.8023456    9.4483786   -0.0000325)
(   0.8019606    9.4481993   -0.0000326)
(   0.8015757    9.4480209   -0.0000326)
(   0.8011907    9.4478426   -0.0000326)
(   0.8008057    9.4476633   -0.0000327)
(   0.8004207    9.4474850   -0.0000327)
(   0.8000357    9.4473057   -0.0000328)
(   0.7996507    9.4471273   -0.0000328)
(   0.7992657    9.4469490   -0.0000328)
(   0.7988808    9.4467697   -0.0000329)
(   0.7984957    9.4465914   -0.0000329)
(   0.7981107    9.4464130   -0.0000330)
(   0.7977257    9.4462337   -0.0000330)
(   0.7973407    9.4460554   -0.0000330)
(   0.7969557    9.4458761   -0.0000331)
(   0.7965708    9.4456978   -0.0000331)
(   0.7961857    9.4455194   -0.0000332)
(   0.7958008    9.4453402   -0.0000332)
(   0.7954158    9.4451618   -0.0000332)
(   0.7950308    9.4449835   -0.0000333)
(   0.7946458    9.4448042   -0.0000333)
(   0.7942609    9.4446259   -0.0000334)
(   0.7938758    9.4444475   -0.0000334)
(   0.7934908    9.4442682   -0.0000334)
(   0.7931058    9.4440899   -0.0000335)
(   0.7927208    9.4439106   -0.0000335)
(   0.7923358    9.4437323   -0.0000336)
(   0.8034177    9.4489479   -0.0000324)
(   0.8030326    9.4487696   -0.0000324)
(   0.8026477    9.4485903   -0.0000324)
(   0.8022625    9.4484119   -0.0000325)
(   0.8018775    9.4482336   -0.0000325)
(   0.8014925    9.4480543   -0.0000326)
(   0.8011073    9.4478760   -0.0000326)
(   0.8007222    9.4476976   -0.0000326)
(   0.8003371    9.4475193   -0.0000327)
(   0.7999521    9.4473410   -0.0000327)
(   0.7995670    9.4471626   -0.0000328)
(   0.7991819    9.4469833   -0.0000328)
(   0.7987968    9.4468050   -0.0000328)
(   0.7984118    9.4466257   -0.0000329)
(   0.7980267    9.4464474   -0.0000329)
(   0.7976416    9.4462690   -0.0000330)
(   0.7972565    9.4460897   -0.0000330)
(   0.7968715    9.4459114   -0.0000330)
(   0.7964864    9.4457331   -0.0000331)
(   0.7961013    9.4455538   -0.0000331)
(   0.7957163    9.4453764   -0.0000332)
(   0.7953312    9.4451971   -0.0000332)
(   0.7949461    9.4450188   -0.0000332)
(   0.7945610    9.4448404   -0.0000333)
(   0.7941759    9.4446611   -0.0000333)
(   0.7937908    9.4444828   -0.0000334)
(   0.7934058    9.4443045   -0.0000334)
(   0.7930207    9.4441252   -0.0000334)
(   0.7926356    9.4439468   -0.0000335)
(   0.7922505    9.4437675   -0.0000335)
(   0.8033350    9.4489822   -0.0000323)
(   0.8029498    9.4488029   -0.0000324)
(   0.8025646    9.4486246   -0.0000324)
(   0.8021795    9.4484463   -0.0000324)
(   0.8017943    9.4482670   -0.0000325)
(   0.8014091    9.4480896   -0.0000325)
(   0.8010240    9.4479103   -0.0000326)
(   0.8006388    9.4477320   -0.0000326)
(   0.8002536    9.4475536   -0.0000326)
(   0.7998685    9.4473743   -0.0000327)
(   0.7994833    9.4471960   -0.0000327)
(   0.7990981    9.4470186   -0.0000328)
(   0.7987130    9.4468393   -0.0000328)
(   0.7983279    9.4466610   -0.0000328)
(   0.7979427    9.4464817   -0.0000329)
(   0.7975575    9.4463034   -0.0000329)
(   0.7971724    9.4461250   -0.0000330)
(   0.7967872    9.4459467   -0.0000330)
(   0.7964020    9.4457684   -0.0000330)
(   0.7960168    9.4455900   -0.0000331)
(   0.7956316    9.4454107   -0.0000331)
(   0.7952465    9.4452324   -0.0000332)
(   0.7948614    9.4450531   -0.0000332)
(   0.7944762    9.4448757   -0.0000332)
(   0.7940910    9.4446974   -0.0000333)
(   0.7937059    9.4445181   -0.0000333)
(   0.7933207    9.4443398   -0.0000334)
(   0.7929355    9.4441614   -0.0000334)
(   0.7925504    9.4439821   -0.0000334)
(   0.7921653    9.4438047   -0.0000335)
(   0.8032521    9.4490147   -0.0000323)
(   0.8028669    9.4488373   -0.0000323)
(   0.8024816    9.4486580   -0.0000324)
(   0.8020964    9.4484797   -0.0000324)
(   0.8017111    9.4483013   -0.0000324)
(   0.8013259    9.4481230   -0.0000325)
(   0.8009406    9.4479446   -0.0000325)
(   0.8005553    9.4477654   -0.0000326)
(   0.8001701    9.4475880   -0.0000326)
(   0.7997849    9.4474096   -0.0000326)
(   0.7993996    9.4472303   -0.0000327)
(   0.7990144    9.4470520   -0.0000327)
(   0.7986292    9.4468746   -0.0000328)
(   0.7982439    9.4466953   -0.0000328)
(   0.7978587    9.4465170   -0.0000328)
(   0.7974734    9.4463377   -0.0000329)
(   0.7970881    9.4461603   -0.0000329)
(   0.7967029    9.4459820   -0.0000330)
(   0.7963176    9.4458027   -0.0000330)
(   0.7959324    9.4456244   -0.0000330)
(   0.7955471    9.4454470   -0.0000331)
(   0.7951618    9.4452677   -0.0000331)
(   0.7947767    9.4450893   -0.0000332)
(   0.7943914    9.4449100   -0.0000332)
(   0.7940062    9.4447327   -0.0000332)
(   0.7936209    9.4445543   -0.0000333)
(   0.7932357    9.4443750   -0.0000333)
(   0.7928504    9.4441967   -0.0000334)
(   0.7924652    9.4440193   -0.0000334)
(   0.7920799    9.4438400   -0.0000334)
(   0.8031693    9.4490490   -0.0000322)
(   0.8027839    9.4488707   -0.0000323)
(   0.8023986    9.4486923   -0.0000323)
(   0.8020132    9.4485130   -0.0000324)
(   0.8016279    9.4483356   -0.0000324)
(   0.8012425    9.4481573   -0.0000324)
(   0.8008572    9.4479780   -0.0000325)
(   0.8004719    9.4478006   -0.0000325)
(   0.8000866    9.4476223   -0.0000326)
(   0.7997013    9.4474430   -0.0000326)
(   0.7993159    9.4472656   -0.0000326)
(   0.7989306    9.4470863   -0.0000327)
(   0.7985453    9.4469080   -0.0000327)
(   0.7981600    9.4467306   -0.0000328)
(   0.7977746    9.4465513   -0.0000328)
(   0.7973893    9.4463730   -0.0000328)
(   0.7970039    9.4461956   -0.0000329)
(   0.7966186    9.4460163   -0.0000329)
(   0.7962332    9.4458380   -0.0000330)
(   0.7958479    9.4456596   -0.0000330)
(   0.7954626    9.4454813   -0.0000330)
(   0.7950773    9.4453039   -0.0000331)
(   0.7946920    9.4451246   -0.0000331)
(   0.7943066    9.4449463   -0.0000332)
(   0.7939213    9.4447680   -0.0000332)
(   0.7935359    9.4445896   -0.0000332)
(   0.7931507    9.4444113   -0.0000333)
(   0.7927653    9.4442329   -0.0000333)
(   0.7923800    9.4440546   -0.0000334)
(   0.7919946    9.4438763   -0.0000334)
(   0.8030864    9.4490824   -0.0000322)
(   0.8027010    9.4489040   -0.0000323)
(   0.8023156    9.4487257   -0.0000323)
(   0.8019302    9.4485474   -0.0000323)
(   0.8015448    9.4483690   -0.0000324)
(   0.8011594    9.4481907   -0.0000324)
(   0.8007740    9.4480133   -0.0000325)
(   0.8003885    9.4478340   -0.0000325)
(   0.8000031    9.4476557   -0.0000325)
(   0.7996177    9.4474783   -0.0000326)
(   0.7992322    9.4472990   -0.0000326)
(   0.7988468    9.4471216   -0.0000327)
(   0.7984614    9.4469423   -0.0000327)
(   0.7980760    9.4467649   -0.0000327)
(   0.7976906    9.4465866   -0.0000328)
(   0.7973052    9.4464083   -0.0000328)
(   0.7969197    9.4462299   -0.0000329)
(   0.7965343    9.4460516   -0.0000329)
(   0.7961490    9.4458733   -0.0000329)
(   0.7957635    9.4456949   -0.0000330)
(   0.7953781    9.4455166   -0.0000330)
(   0.7949927    9.4453382   -0.0000331)
(   0.7946073    9.4451609   -0.0000331)
(   0.7942218    9.4449816   -0.0000331)
(   0.7938364    9.4448042   -0.0000332)
(   0.7934510    9.4446259   -0.0000332)
(   0.7930655    9.4444466   -0.0000333)
(   0.7926801    9.4442692   -0.0000333)
(   0.7922947    9.4440899   -0.0000333)
(   0.7919093    9.4439125   -0.0000334)
(   0.8030036    9.4491158   -0.0000322)
(   0.8026181    9.4489374   -0.0000322)
(   0.8022326    9.4487600   -0.0000323)
(   0.8018471    9.4485807   -0.0000323)
(   0.8014616    9.4484034   -0.0000323)
(   0.8010761    9.4482250   -0.0000324)
(   0.8006906    9.4480467   -0.0000324)
(   0.8003051    9.4478683   -0.0000325)
(   0.7999195    9.4476900   -0.0000325)
(   0.7995341    9.4475117   -0.0000325)
(   0.7991486    9.4473343   -0.0000326)
(   0.7987630    9.4471560   -0.0000326)
(   0.7983775    9.4469776   -0.0000327)
(   0.7979921    9.4467993   -0.0000327)
(   0.7976066    9.4466209   -0.0000327)
(   0.7972211    9.4464436   -0.0000328)
(   0.7968356    9.4462643   -0.0000328)
(   0.7964501    9.4460869   -0.0000329)
(   0.7960646    9.4459085   -0.0000329)
(   0.7956790    9.4457302   -0.0000329)
(   0.7952936    9.4455519   -0.0000330)
(   0.7949080    9.4453735   -0.0000330)
(   0.7945225    9.4451952   -0.0000331)
(   0.7941371    9.4450178   -0.0000331)
(   0.7937515    9.4448385   -0.0000331)
(   0.7933660    9.4446611   -0.0000332)
(   0.7929806    9.4444828   -0.0000332)
(   0.7925950    9.4443045   -0.0000333)
(   0.7922095    9.4441271   -0.0000333)
(   0.7918240    9.4439478   -0.0000333)
(   0.8029208    9.4491501   -0.0000321)
(   0.8025351    9.4489708   -0.0000322)
(   0.8021495    9.4487934   -0.0000322)
(   0.8017640    9.4486151   -0.0000323)
(   0.8013784    9.4484367   -0.0000323)
(   0.8009928    9.4482594   -0.0000323)
(   0.8006072    9.4480810   -0.0000324)
(   0.8002216    9.4479027   -0.0000324)
(   0.7998360    9.4477243   -0.0000325)
(   0.7994505    9.4475460   -0.0000325)
(   0.7990649    9.4473686   -0.0000325)
(   0.7986793    9.4471903   -0.0000326)
(   0.7982937    9.4470119   -0.0000326)
(   0.7979081    9.4468346   -0.0000327)
(   0.7975225    9.4466562   -0.0000327)
(   0.7971370    9.4464779   -0.0000327)
(   0.7967514    9.4462996   -0.0000328)
(   0.7963658    9.4461212   -0.0000328)
(   0.7959802    9.4459438   -0.0000329)
(   0.7955946    9.4457655   -0.0000329)
(   0.7952090    9.4455872   -0.0000329)
(   0.7948234    9.4454088   -0.0000330)
(   0.7944378    9.4452305   -0.0000330)
(   0.7940522    9.4450531   -0.0000331)
(   0.7936667    9.4448748   -0.0000331)
(   0.7932811    9.4446964   -0.0000331)
(   0.7928956    9.4445190   -0.0000332)
(   0.7925100    9.4443407   -0.0000332)
(   0.7921244    9.4441624   -0.0000333)
(   0.7917387    9.4439840   -0.0000333)
(   0.8028378    9.4491825   -0.0000321)
(   0.8024522    9.4490051   -0.0000321)
(   0.8020665    9.4488277   -0.0000322)
(   0.8016809    9.4486485   -0.0000322)
(   0.8012952    9.4484711   -0.0000323)
(   0.8009095    9.4482927   -0.0000323)
(   0.8005238    9.4481153   -0.0000323)
(   0.8001382    9.4479370   -0.0000324)
(   0.7997525    9.4477587   -0.0000324)
(   0.7993669    9.4475813   -0.0000325)
(   0.7989812    9.4474020   -0.0000325)
(   0.7985955    9.4472246   -0.0000325)
(   0.7982098    9.4470472   -0.0000326)
(   0.7978242    9.4468679   -0.0000326)
(   0.7974385    9.4466906   -0.0000327)
(   0.7970529    9.4465132   -0.0000327)
(   0.7966671    9.4463348   -0.0000327)
(   0.7962815    9.4461565   -0.0000328)
(   0.7958958    9.4459782   -0.0000328)
(   0.7955102    9.4458008   -0.0000329)
(   0.7951245    9.4456224   -0.0000329)
(   0.7947388    9.4454441   -0.0000329)
(   0.7943531    9.4452667   -0.0000330)
(   0.7939675    9.4450884   -0.0000330)
(   0.7935818    9.4449100   -0.0000331)
(   0.7931961    9.4447327   -0.0000331)
(   0.7928104    9.4445543   -0.0000331)
(   0.7924248    9.4443760   -0.0000332)
(   0.7920391    9.4441986   -0.0000332)
(   0.7916535    9.4440203   -0.0000333)
(   0.8027551    9.4492168   -0.0000321)
(   0.8023693    9.4490385   -0.0000321)
(   0.8019835    9.4488611   -0.0000322)
(   0.8015978    9.4486828   -0.0000322)
(   0.8012120    9.4485044   -0.0000322)
(   0.8008263    9.4483271   -0.0000323)
(   0.8004405    9.4481487   -0.0000323)
(   0.8000547    9.4479713   -0.0000324)
(   0.7996690    9.4477930   -0.0000324)
(   0.7992833    9.4476147   -0.0000324)
(   0.7988975    9.4474373   -0.0000325)
(   0.7985117    9.4472599   -0.0000325)
(   0.7981260    9.4470816   -0.0000325)
(   0.7977402    9.4469032   -0.0000326)
(   0.7973545    9.4467249   -0.0000326)
(   0.7969687    9.4465475   -0.0000327)
(   0.7965829    9.4463701   -0.0000327)
(   0.7961972    9.4461918   -0.0000327)
(   0.7958114    9.4460135   -0.0000328)
(   0.7954258    9.4458351   -0.0000328)
(   0.7950400    9.4456577   -0.0000329)
(   0.7946542    9.4454803   -0.0000329)
(   0.7942684    9.4453020   -0.0000329)
(   0.7938827    9.4451237   -0.0000330)
(   0.7934969    9.4449453   -0.0000330)
(   0.7931111    9.4447680   -0.0000331)
(   0.7927254    9.4445906   -0.0000331)
(   0.7923396    9.4444122   -0.0000331)
(   0.7919539    9.4442339   -0.0000332)
(   0.7915682    9.4440565   -0.0000332)
(   0.8026721    9.4492493   -0.0000320)
(   0.8022864    9.4490728   -0.0000321)
(   0.8019006    9.4488945   -0.0000321)
(   0.8015147    9.4487162   -0.0000322)
(   0.8011289    9.4485388   -0.0000322)
(   0.8007430    9.4483604   -0.0000322)
(   0.8003572    9.4481831   -0.0000323)
(   0.7999713    9.4480047   -0.0000323)
(   0.7995855    9.4478273   -0.0000324)
(   0.7991996    9.4476500   -0.0000324)
(   0.7988138    9.4474716   -0.0000324)
(   0.7984279    9.4472942   -0.0000325)
(   0.7980421    9.4471159   -0.0000325)
(   0.7976562    9.4469376   -0.0000326)
(   0.7972704    9.4467602   -0.0000326)
(   0.7968846    9.4465818   -0.0000326)
(   0.7964988    9.4464045   -0.0000327)
(   0.7961129    9.4462271   -0.0000327)
(   0.7957271    9.4460487   -0.0000328)
(   0.7953413    9.4458714   -0.0000328)
(   0.7949554    9.4456930   -0.0000328)
(   0.7945696    9.4455147   -0.0000329)
(   0.7941837    9.4453373   -0.0000329)
(   0.7937979    9.4451590   -0.0000330)
(   0.7934120    9.4449816   -0.0000330)
(   0.7930262    9.4448032   -0.0000330)
(   0.7926403    9.4446259   -0.0000331)
(   0.7922544    9.4444485   -0.0000331)
(   0.7918686    9.4442701   -0.0000331)
(   0.7914828    9.4440918   -0.0000332)
(   0.8025894    9.4492836   -0.0000320)
(   0.8022034    9.4491062   -0.0000320)
(   0.8018175    9.4489288   -0.0000321)
(   0.8014316    9.4487495   -0.0000321)
(   0.8010457    9.4485722   -0.0000322)
(   0.8006597    9.4483948   -0.0000322)
(   0.8002738    9.4482164   -0.0000322)
(   0.7998879    9.4480391   -0.0000323)
(   0.7995019    9.4478617   -0.0000323)
(   0.7991160    9.4476833   -0.0000324)
(   0.7987301    9.4475060   -0.0000324)
(   0.7983441    9.4473276   -0.0000324)
(   0.7979583    9.4471502   -0.0000325)
(   0.7975724    9.4469728   -0.0000325)
(   0.7971864    9.4467945   -0.0000326)
(   0.7968005    9.4466171   -0.0000326)
(   0.7964146    9.4464388   -0.0000326)
(   0.7960286    9.4462614   -0.0000327)
(   0.7956427    9.4460840   -0.0000327)
(   0.7952568    9.4459057   -0.0000328)
(   0.7948709    9.4457283   -0.0000328)
(   0.7944849    9.4455500   -0.0000328)
(   0.7940990    9.4453726   -0.0000329)
(   0.7937131    9.4451952   -0.0000329)
(   0.7933271    9.4450169   -0.0000330)
(   0.7929412    9.4448395   -0.0000330)
(   0.7925553    9.4446621   -0.0000330)
(   0.7921694    9.4444838   -0.0000331)
(   0.7917835    9.4443064   -0.0000331)
(   0.7913976    9.4441280   -0.0000332)
(   0.8025065    9.4493160   -0.0000320)
(   0.8021205    9.4491396   -0.0000320)
(   0.8017345    9.4489613   -0.0000320)
(   0.8013484    9.4487848   -0.0000321)
(   0.8009624    9.4486074   -0.0000321)
(   0.8005764    9.4484291   -0.0000322)
(   0.8001904    9.4482517   -0.0000322)
(   0.7998044    9.4480734   -0.0000322)
(   0.7994184    9.4478960   -0.0000323)
(   0.7990324    9.4477186   -0.0000323)
(   0.7986465    9.4475403   -0.0000324)
(   0.7982604    9.4473629   -0.0000324)
(   0.7978744    9.4471846   -0.0000324)
(   0.7974884    9.4470072   -0.0000325)
(   0.7971024    9.4468298   -0.0000325)
(   0.7967164    9.4466515   -0.0000326)
(   0.7963303    9.4464741   -0.0000326)
(   0.7959443    9.4462957   -0.0000326)
(   0.7955583    9.4461184   -0.0000327)
(   0.7951723    9.4459419   -0.0000327)
(   0.7947863    9.4457636   -0.0000328)
(   0.7944003    9.4455862   -0.0000328)
(   0.7940142    9.4454079   -0.0000328)
(   0.7936283    9.4452305   -0.0000329)
(   0.7932423    9.4450531   -0.0000329)
(   0.7928563    9.4448748   -0.0000330)
(   0.7924703    9.4446974   -0.0000330)
(   0.7920843    9.4445200   -0.0000330)
(   0.7916983    9.4443417   -0.0000331)
(   0.7913122    9.4441643   -0.0000331)
(   0.8024237    9.4493504   -0.0000319)
(   0.8020376    9.4491730   -0.0000320)
(   0.8016515    9.4489956   -0.0000320)
(   0.8012654    9.4488182   -0.0000320)
(   0.8008792    9.4486408   -0.0000321)
(   0.8004932    9.4484634   -0.0000321)
(   0.8001071    9.4482851   -0.0000322)
(   0.7997211    9.4481077   -0.0000322)
(   0.7993349    9.4479294   -0.0000322)
(   0.7989489    9.4477520   -0.0000323)
(   0.7985627    9.4475756   -0.0000323)
(   0.7981766    9.4473972   -0.0000324)
(   0.7977905    9.4472198   -0.0000324)
(   0.7974045    9.4470415   -0.0000324)
(   0.7970183    9.4468641   -0.0000325)
(   0.7966323    9.4466867   -0.0000325)
(   0.7962461    9.4465094   -0.0000326)
(   0.7958601    9.4463320   -0.0000326)
(   0.7954739    9.4461536   -0.0000326)
(   0.7950879    9.4459763   -0.0000327)
(   0.7947018    9.4457989   -0.0000327)
(   0.7943157    9.4456205   -0.0000328)
(   0.7939296    9.4454432   -0.0000328)
(   0.7935435    9.4452658   -0.0000328)
(   0.7931574    9.4450884   -0.0000329)
(   0.7927713    9.4449110   -0.0000329)
(   0.7923852    9.4447327   -0.0000330)
(   0.7919991    9.4445553   -0.0000330)
(   0.7916130    9.4443779   -0.0000330)
(   0.7912269    9.4442005   -0.0000331)
(   0.8023409    9.4493837   -0.0000319)
(   0.8019546    9.4492073   -0.0000319)
(   0.8015684    9.4490290   -0.0000320)
(   0.8011823    9.4488525   -0.0000320)
(   0.8007962    9.4486742   -0.0000321)
(   0.8004099    9.4484968   -0.0000321)
(   0.8000238    9.4483194   -0.0000321)
(   0.7996376    9.4481421   -0.0000322)
(   0.7992514    9.4479647   -0.0000322)
(   0.7988653    9.4477863   -0.0000323)
(   0.7984791    9.4476089   -0.0000323)
(   0.7980928    9.4474325   -0.0000323)
(   0.7977067    9.4472542   -0.0000324)
(   0.7973205    9.4470768   -0.0000324)
(   0.7969343    9.4468985   -0.0000324)
(   0.7965481    9.4467220   -0.0000325)
(   0.7961619    9.4465446   -0.0000325)
(   0.7957758    9.4463663   -0.0000326)
(   0.7953897    9.4461889   -0.0000326)
(   0.7950035    9.4460106   -0.0000326)
(   0.7946173    9.4458342   -0.0000327)
(   0.7942311    9.4456568   -0.0000327)
(   0.7938449    9.4454784   -0.0000328)
(   0.7934587    9.4453011   -0.0000328)
(   0.7930725    9.4451237   -0.0000328)
(   0.7926863    9.4449463   -0.0000329)
(   0.7923002    9.4447689   -0.0000329)
(   0.7919140    9.4445906   -0.0000330)
(   0.7915278    9.4444141   -0.0000330)
(   0.7911416    9.4442368   -0.0000330)
(   0.8022580    9.4494171   -0.0000319)
(   0.8018718    9.4492397   -0.0000319)
(   0.8014855    9.4490633   -0.0000319)
(   0.8010992    9.4488859   -0.0000320)
(   0.8007129    9.4487085   -0.0000320)
(   0.8003267    9.4485302   -0.0000321)
(   0.7999403    9.4483538   -0.0000321)
(   0.7995541    9.4481764   -0.0000321)
(   0.7991679    9.4479980   -0.0000322)
(   0.7987816    9.4478216   -0.0000322)
(   0.7983953    9.4476433   -0.0000323)
(   0.7980090    9.4474659   -0.0000323)
(   0.7976228    9.4472895   -0.0000323)
(   0.7972365    9.4471111   -0.0000324)
(   0.7968503    9.4469337   -0.0000324)
(   0.7964640    9.4467564   -0.0000325)
(   0.7960778    9.4465790   -0.0000325)
(   0.7956915    9.4464016   -0.0000325)
(   0.7953053    9.4462242   -0.0000326)
(   0.7949190    9.4460468   -0.0000326)
(   0.7945328    9.4458685   -0.0000327)
(   0.7941464    9.4456921   -0.0000327)
(   0.7937602    9.4455147   -0.0000327)
(   0.7933739    9.4453363   -0.0000328)
(   0.7929876    9.4451599   -0.0000328)
(   0.7926013    9.4449816   -0.0000328)
(   0.7922151    9.4448042   -0.0000329)
(   0.7918289    9.4446278   -0.0000329)
(   0.7914426    9.4444494   -0.0000330)
(   0.7910564    9.4442720   -0.0000330)
(   0.8021752    9.4494505   -0.0000318)
(   0.8017888    9.4492731   -0.0000319)
(   0.8014024    9.4490967   -0.0000319)
(   0.8010161    9.4489202   -0.0000319)
(   0.8006297    9.4487419   -0.0000320)
(   0.8002434    9.4485655   -0.0000320)
(   0.7998571    9.4483871   -0.0000321)
(   0.7994707    9.4482098   -0.0000321)
(   0.7990843    9.4480333   -0.0000321)
(   0.7986980    9.4478550   -0.0000322)
(   0.7983117    9.4476786   -0.0000322)
(   0.7979254    9.4475002   -0.0000323)
(   0.7975390    9.4473228   -0.0000323)
(   0.7971526    9.4471464   -0.0000323)
(   0.7967663    9.4469681   -0.0000324)
(   0.7963799    9.4467916   -0.0000324)
(   0.7959936    9.4466133   -0.0000325)
(   0.7956072    9.4464369   -0.0000325)
(   0.7952209    9.4462595   -0.0000325)
(   0.7948345    9.4460812   -0.0000326)
(   0.7944481    9.4459047   -0.0000326)
(   0.7940618    9.4457264   -0.0000327)
(   0.7936754    9.4455500   -0.0000327)
(   0.7932891    9.4453726   -0.0000327)
(   0.7929028    9.4451942   -0.0000328)
(   0.7925165    9.4450178   -0.0000328)
(   0.7921301    9.4448395   -0.0000329)
(   0.7917437    9.4446630   -0.0000329)
(   0.7913574    9.4444857   -0.0000329)
(   0.7909710    9.4443083   -0.0000330)
)
;

// ************************************************************************* //
