      900
(
  76316.9844    
  76316.9531    
  76316.9219    
  76316.8984    
  76316.8750    
  76316.8438    
  76316.8125    
  76316.7812    
  76316.7578    
  76316.7266    
  76316.6953    
  76316.6641    
  76316.6406    
  76316.6094    
  76316.5781    
  76316.5469    
  76316.5156    
  76316.4922    
  76316.4688    
  76316.4375    
  76316.4062    
  76316.3750    
  76316.3516    
  76316.3203    
  76316.2891    
  76316.2578    
  76316.2344    
  76316.2031    
  76316.1719    
  76316.1406    
  76184.3750    
  76184.3438    
  76184.3125    
  76184.2891    
  76184.2578    
  76184.2266    
  76184.1953    
  76184.1719    
  76184.1406    
  76184.1094    
  76184.0781    
  76184.0547    
  76184.0312    
  76184.0000    
  76183.9688    
  76183.9375    
  76183.9141    
  76183.8828    
  76183.8516    
  76183.8203    
  76183.7969    
  76183.7656    
  76183.7344    
  76183.7031    
  76183.6797    
  76183.6484    
  76183.6250    
  76183.5938    
  76183.5625    
  76183.5312    
  76056.2109    
  76056.1875    
  76056.1562    
  76056.1250    
  76056.0938    
  76056.0703    
  76056.0391    
  76056.0078    
  76055.9766    
  76055.9531    
  76055.9219    
  76055.8906    
  76055.8594    
  76055.8359    
  76055.8047    
  76055.7812    
  76055.7500    
  76055.7188    
  76055.6875    
  76055.6641    
  76055.6328    
  76055.6016    
  76055.5703    
  76055.5469    
  76055.5156    
  76055.4844    
  76055.4531    
  76055.4297    
  76055.3984    
  76055.3672    
  75931.9609    
  75931.9297    
  75931.8984    
  75931.8750    
  75931.8438    
  75931.8125    
  75931.7812    
  75931.7578    
  75931.7266    
  75931.6953    
  75931.6641    
  75931.6328    
  75931.6094    
  75931.5859    
  75931.5547    
  75931.5234    
  75931.4922    
  75931.4688    
  75931.4375    
  75931.4062    
  75931.3750    
  75931.3516    
  75931.3203    
  75931.2891    
  75931.2578    
  75931.2344    
  75931.2031    
  75931.1719    
  75931.1484    
  75931.1172    
  75819.0781    
  75819.0469    
  75819.0234    
  75818.9922    
  75818.9609    
  75818.9297    
  75818.9062    
  75818.8750    
  75818.8438    
  75818.8125    
  75818.7891    
  75818.7578    
  75818.7344    
  75818.7031    
  75818.6719    
  75818.6484    
  75818.6172    
  75818.5859    
  75818.5547    
  75818.5234    
  75818.5000    
  75818.4688    
  75818.4375    
  75818.4062    
  75818.3828    
  75818.3516    
  75818.3203    
  75818.2891    
  75818.2656    
  75818.2422    
  75679.6562    
  75679.6250    
  75679.5938    
  75679.5703    
  75679.5391    
  75679.5078    
  75679.4766    
  75679.4531    
  75679.4219    
  75679.3906    
  75679.3594    
  75679.3359    
  75679.2969    
  75679.2656    
  75679.2422    
  75679.2109    
  75679.1797    
  75679.1484    
  75679.1250    
  75679.0938    
  75679.0625    
  75679.0312    
  75679.0000    
  75678.9766    
  75678.9453    
  75678.9062    
  75678.8828    
  75678.8516    
  75678.8203    
  75678.7891    
  75545.0234    
  75544.9922    
  75544.9609    
  75544.9297    
  75544.9062    
  75544.8750    
  75544.8438    
  75544.8125    
  75544.7891    
  75544.7578    
  75544.7266    
  75544.6953    
  75544.6719    
  75544.6406    
  75544.6094    
  75544.5781    
  75544.5547    
  75544.5234    
  75544.4922    
  75544.4609    
  75544.4297    
  75544.4062    
  75544.3750    
  75544.3438    
  75544.3125    
  75544.2891    
  75544.2656    
  75544.2344    
  75544.2031    
  75544.1719    
  75412.9453    
  75412.9141    
  75412.8906    
  75412.8594    
  75412.8281    
  75412.7969    
  75412.7734    
  75412.7422    
  75412.7109    
  75412.6797    
  75412.6562    
  75412.6250    
  75412.5938    
  75412.5625    
  75412.5391    
  75412.5078    
  75412.4766    
  75412.4453    
  75412.4219    
  75412.3906    
  75412.3594    
  75412.3281    
  75412.3047    
  75412.2734    
  75412.2422    
  75412.2109    
  75412.1797    
  75412.1562    
  75412.1328    
  75412.1016    
  75268.4922    
  75268.4688    
  75268.4375    
  75268.4062    
  75268.3750    
  75268.3516    
  75268.3203    
  75268.2891    
  75268.2578    
  75268.2266    
  75268.2031    
  75268.1719    
  75268.1406    
  75268.1094    
  75268.0859    
  75268.0547    
  75268.0234    
  75267.9922    
  75267.9688    
  75267.9375    
  75267.9062    
  75267.8750    
  75267.8516    
  75267.8203    
  75267.7891    
  75267.7578    
  75267.7344    
  75267.7031    
  75267.6719    
  75267.6406    
  75123.9688    
  75123.9453    
  75123.9141    
  75123.8828    
  75123.8516    
  75123.8281    
  75123.7969    
  75123.7656    
  75123.7344    
  75123.7109    
  75123.6797    
  75123.6484    
  75123.6172    
  75123.5938    
  75123.5625    
  75123.5312    
  75123.5000    
  75123.4766    
  75123.4453    
  75123.4141    
  75123.3828    
  75123.3516    
  75123.3281    
  75123.2969    
  75123.2656    
  75123.2344    
  75123.2109    
  75123.1797    
  75123.1484    
  75123.1172    
  74996.1484    
  74996.1172    
  74996.0859    
  74996.0547    
  74996.0312    
  74996.0000    
  74995.9688    
  74995.9375    
  74995.9141    
  74995.8828    
  74995.8516    
  74995.8281    
  74995.7969    
  74995.7734    
  74995.7422    
  74995.7109    
  74995.6797    
  74995.6562    
  74995.6250    
  74995.5938    
  74995.5625    
  74995.5312    
  74995.5078    
  74995.4766    
  74995.4453    
  74995.4141    
  74995.3906    
  74995.3594    
  74995.3281    
  74995.2969    
  74868.1172    
  74868.0938    
  74868.0625    
  74868.0312    
  74868.0000    
  74867.9766    
  74867.9453    
  74867.9141    
  74867.8828    
  74867.8594    
  74867.8281    
  74867.7969    
  74867.7656    
  74867.7344    
  74867.7109    
  74867.6797    
  74867.6484    
  74867.6172    
  74867.5938    
  74867.5625    
  74867.5312    
  74867.5000    
  74867.4766    
  74867.4453    
  74867.4141    
  74867.3828    
  74867.3594    
  74867.3281    
  74867.2969    
  74867.2656    
  74737.1250    
  74737.0938    
  74737.0625    
  74737.0312    
  74737.0000    
  74736.9766    
  74736.9453    
  74736.9141    
  74736.8828    
  74736.8594    
  74736.8281    
  74736.7969    
  74736.7656    
  74736.7422    
  74736.7109    
  74736.6797    
  74736.6484    
  74736.6250    
  74736.5938    
  74736.5625    
  74736.5312    
  74736.5078    
  74736.4766    
  74736.4453    
  74736.4141    
  74736.3906    
  74736.3594    
  74736.3281    
  74736.2969    
  74736.2656    
  74606.1172    
  74606.0859    
  74606.0547    
  74606.0312    
  74606.0000    
  74605.9688    
  74605.9375    
  74605.9141    
  74605.8828    
  74605.8516    
  74605.8203    
  74605.7969    
  74605.7656    
  74605.7344    
  74605.7031    
  74605.6797    
  74605.6484    
  74605.6172    
  74605.5859    
  74605.5625    
  74605.5312    
  74605.5000    
  74605.4688    
  74605.4375    
  74605.4141    
  74605.3828    
  74605.3516    
  74605.3203    
  74605.2969    
  74605.2656    
  74478.3047    
  74478.2812    
  74478.2500    
  74478.2188    
  74478.1875    
  74478.1641    
  74478.1328    
  74478.1016    
  74478.0703    
  74478.0469    
  74478.0156    
  74477.9844    
  74477.9531    
  74477.9297    
  74477.8984    
  74477.8672    
  74477.8359    
  74477.8125    
  74477.7812    
  74477.7500    
  74477.7188    
  74477.6875    
  74477.6641    
  74477.6328    
  74477.6016    
  74477.5703    
  74477.5469    
  74477.5156    
  74477.4844    
  74477.4531    
  74350.7188    
  74350.6875    
  74350.6562    
  74350.6250    
  74350.6016    
  74350.5703    
  74350.5391    
  74350.5078    
  74350.4844    
  74350.4531    
  74350.4219    
  74350.3906    
  74350.3672    
  74350.3359    
  74350.3047    
  74350.2734    
  74350.2500    
  74350.2188    
  74350.1875    
  74350.1562    
  74350.1328    
  74350.1016    
  74350.0703    
  74350.0391    
  74350.0156    
  74349.9844    
  74349.9531    
  74349.9219    
  74349.8906    
  74349.8672    
  74222.1641    
  74222.1328    
  74222.1016    
  74222.0703    
  74222.0469    
  74222.0156    
  74221.9844    
  74221.9531    
  74221.9297    
  74221.8984    
  74221.8672    
  74221.8359    
  74221.8125    
  74221.7812    
  74221.7500    
  74221.7188    
  74221.6953    
  74221.6641    
  74221.6328    
  74221.6016    
  74221.5781    
  74221.5469    
  74221.5156    
  74221.4844    
  74221.4609    
  74221.4297    
  74221.3984    
  74221.3672    
  74221.3359    
  74221.3125    
  74093.1406    
  74093.1172    
  74093.0859    
  74093.0547    
  74093.0234    
  74093.0000    
  74092.9688    
  74092.9375    
  74092.9062    
  74092.8828    
  74092.8516    
  74092.8203    
  74092.7891    
  74092.7578    
  74092.7344    
  74092.7031    
  74092.6719    
  74092.6406    
  74092.6172    
  74092.5859    
  74092.5547    
  74092.5234    
  74092.5000    
  74092.4688    
  74092.4375    
  74092.4062    
  74092.3828    
  74092.3516    
  74092.3203    
  74092.2891    
  73963.2812    
  73963.2578    
  73963.2266    
  73963.1953    
  73963.1641    
  73963.1406    
  73963.1094    
  73963.0781    
  73963.0469    
  73963.0234    
  73962.9922    
  73962.9609    
  73962.9297    
  73962.9062    
  73962.8750    
  73962.8438    
  73962.8125    
  73962.7891    
  73962.7578    
  73962.7266    
  73962.6953    
  73962.6641    
  73962.6406    
  73962.6094    
  73962.5781    
  73962.5469    
  73962.5234    
  73962.4844    
  73962.4531    
  73962.4297    
  73832.6875    
  73832.6562    
  73832.6250    
  73832.5938    
  73832.5703    
  73832.5391    
  73832.5078    
  73832.4766    
  73832.4531    
  73832.4219    
  73832.3906    
  73832.3594    
  73832.3359    
  73832.3047    
  73832.2734    
  73832.2422    
  73832.2188    
  73832.1875    
  73832.1562    
  73832.1250    
  73832.1016    
  73832.0703    
  73832.0391    
  73832.0078    
  73831.9844    
  73831.9531    
  73831.9219    
  73831.8906    
  73831.8594    
  73831.8359    
  73703.4531    
  73703.4219    
  73703.3906    
  73703.3594    
  73703.3281    
  73703.3047    
  73703.2734    
  73703.2422    
  73703.2109    
  73703.1875    
  73703.1562    
  73703.1250    
  73703.0938    
  73703.0703    
  73703.0391    
  73703.0078    
  73702.9766    
  73702.9531    
  73702.9219    
  73702.8906    
  73702.8594    
  73702.8359    
  73702.8047    
  73702.7734    
  73702.7422    
  73702.7188    
  73702.6875    
  73702.6562    
  73702.6250    
  73702.5938    
  73576.2969    
  73576.2656    
  73576.2422    
  73576.2109    
  73576.1797    
  73576.1484    
  73576.1250    
  73576.0938    
  73576.0625    
  73576.0312    
  73576.0078    
  73575.9766    
  73575.9453    
  73575.9141    
  73575.8906    
  73575.8594    
  73575.8281    
  73575.7969    
  73575.7734    
  73575.7422    
  73575.7109    
  73575.6797    
  73575.6562    
  73575.6250    
  73575.5938    
  73575.5625    
  73575.5312    
  73575.5078    
  73575.4766    
  73575.4453    
  73448.7734    
  73448.7422    
  73448.7109    
  73448.6875    
  73448.6484    
  73448.6172    
  73448.5938    
  73448.5625    
  73448.5312    
  73448.5000    
  73448.4688    
  73448.4453    
  73448.4141    
  73448.3828    
  73448.3516    
  73448.3281    
  73448.2969    
  73448.2656    
  73448.2344    
  73448.2109    
  73448.1797    
  73448.1484    
  73448.1172    
  73448.0938    
  73448.0625    
  73448.0312    
  73448.0000    
  73447.9766    
  73447.9453    
  73447.9141    
  73318.4922    
  73318.4609    
  73318.4297    
  73318.3984    
  73318.3750    
  73318.3438    
  73318.3125    
  73318.2812    
  73318.2578    
  73318.2266    
  73318.1953    
  73318.1641    
  73318.1406    
  73318.1094    
  73318.0781    
  73318.0469    
  73318.0234    
  73317.9922    
  73317.9609    
  73317.9297    
  73317.9062    
  73317.8672    
  73317.8359    
  73317.8125    
  73317.7812    
  73317.7500    
  73317.7188    
  73317.6875    
  73317.6641    
  73317.6328    
  73188.2109    
  73188.1797    
  73188.1484    
  73188.1172    
  73188.0938    
  73188.0625    
  73188.0312    
  73188.0000    
  73187.9766    
  73187.9453    
  73187.9141    
  73187.8828    
  73187.8594    
  73187.8281    
  73187.7969    
  73187.7656    
  73187.7422    
  73187.7109    
  73187.6797    
  73187.6484    
  73187.6172    
  73187.5938    
  73187.5625    
  73187.5312    
  73187.5000    
  73187.4766    
  73187.4453    
  73187.4141    
  73187.3828    
  73187.3594    
  73061.2422    
  73061.2109    
  73061.1797    
  73061.1484    
  73061.1250    
  73061.0938    
  73061.0625    
  73061.0312    
  73061.0078    
  73060.9766    
  73060.9453    
  73060.9141    
  73060.8906    
  73060.8594    
  73060.8281    
  73060.7969    
  73060.7734    
  73060.7422    
  73060.7109    
  73060.6797    
  73060.6562    
  73060.6250    
  73060.5938    
  73060.5625    
  73060.5312    
  73060.5078    
  73060.4766    
  73060.4453    
  73060.4141    
  73060.3906    
  72934.3906    
  72934.3594    
  72934.3281    
  72934.3047    
  72934.2734    
  72934.2422    
  72934.2109    
  72934.1797    
  72934.1562    
  72934.1250    
  72934.0938    
  72934.0625    
  72934.0391    
  72934.0078    
  72933.9766    
  72933.9453    
  72933.9219    
  72933.8906    
  72933.8594    
  72933.8281    
  72933.8047    
  72933.7734    
  72933.7422    
  72933.7109    
  72933.6875    
  72933.6562    
  72933.6250    
  72933.5938    
  72933.5703    
  72933.5391    
  72806.5391    
  72806.5078    
  72806.4844    
  72806.4531    
  72806.4219    
  72806.3906    
  72806.3594    
  72806.3359    
  72806.3047    
  72806.2734    
  72806.2422    
  72806.2188    
  72806.1875    
  72806.1562    
  72806.1250    
  72806.1016    
  72806.0703    
  72806.0391    
  72806.0078    
  72805.9844    
  72805.9531    
  72805.9219    
  72805.8906    
  72805.8672    
  72805.8359    
  72805.8047    
  72805.7734    
  72805.7500    
  72805.7188    
  72805.6875    
  72678.2266    
  72678.1953    
  72678.1641    
  72678.1406    
  72678.1094    
  72678.0781    
  72678.0469    
  72678.0234    
  72677.9922    
  72677.9609    
  72677.9297    
  72677.8984    
  72677.8750    
  72677.8438    
  72677.8125    
  72677.7812    
  72677.7578    
  72677.7266    
  72677.6953    
  72677.6641    
  72677.6406    
  72677.6094    
  72677.5781    
  72677.5469    
  72677.5234    
  72677.4922    
  72677.4609    
  72677.4297    
  72677.4062    
  72677.3750    
  72550.0312    
  72550.0078    
  72549.9766    
  72549.9453    
  72549.9141    
  72549.8828    
  72549.8516    
  72549.8203    
  72549.7969    
  72549.7656    
  72549.7344    
  72549.7031    
  72549.6797    
  72549.6484    
  72549.6172    
  72549.5859    
  72549.5625    
  72549.5312    
  72549.5000    
  72549.4688    
  72549.4453    
  72549.4141    
  72549.3828    
  72549.3516    
  72549.3203    
  72549.2969    
  72549.2656    
  72549.2344    
  72549.2031    
  72549.1797    
)
;


// ************************************************************************* //
