      900
(
  285.797089    
  285.796753    
  285.796448    
  285.796112    
  285.795807    
  285.795502    
  285.795166    
  285.794861    
  285.794525    
  285.794220    
  285.793884    
  285.793579    
  285.793274    
  285.792938    
  285.792633    
  285.792297    
  285.791992    
  285.791656    
  285.791351    
  285.791046    
  285.790710    
  285.790405    
  285.790070    
  285.789764    
  285.789429    
  285.789124    
  285.788818    
  285.788483    
  285.788177    
  285.787842    
  285.834869    
  285.834564    
  285.834229    
  285.833923    
  285.833618    
  285.833313    
  285.832977    
  285.832672    
  285.832367    
  285.832031    
  285.831726    
  285.831421    
  285.831085    
  285.830780    
  285.830475    
  285.830139    
  285.829834    
  285.829529    
  285.829193    
  285.828888    
  285.828583    
  285.828247    
  285.827942    
  285.827637    
  285.827301    
  285.826996    
  285.826691    
  285.826385    
  285.826050    
  285.825745    
  285.961578    
  285.961273    
  285.960968    
  285.960663    
  285.960358    
  285.960052    
  285.959747    
  285.959442    
  285.959137    
  285.958832    
  285.958527    
  285.958221    
  285.957947    
  285.957642    
  285.957336    
  285.957031    
  285.956726    
  285.956421    
  285.956116    
  285.955811    
  285.955505    
  285.955200    
  285.954895    
  285.954590    
  285.954285    
  285.953979    
  285.953674    
  285.953369    
  285.953064    
  285.952759    
  286.088318    
  286.088013    
  286.087738    
  286.087433    
  286.087128    
  286.086853    
  286.086548    
  286.086273    
  286.085968    
  286.085663    
  286.085388    
  286.085083    
  286.084778    
  286.084503    
  286.084198    
  286.083923    
  286.083618    
  286.083313    
  286.083038    
  286.082733    
  286.082458    
  286.082153    
  286.081848    
  286.081573    
  286.081268    
  286.080994    
  286.080688    
  286.080383    
  286.080109    
  286.079803    
  286.215057    
  286.214783    
  286.214478    
  286.214203    
  286.213928    
  286.213654    
  286.213348    
  286.213074    
  286.212799    
  286.212494    
  286.212219    
  286.211945    
  286.211670    
  286.211365    
  286.211090    
  286.210815    
  286.210541    
  286.210236    
  286.209961    
  286.209686    
  286.209412    
  286.209106    
  286.208832    
  286.208557    
  286.208282    
  286.207977    
  286.207703    
  286.207428    
  286.207153    
  286.206848    
  286.341797    
  286.341522    
  286.341248    
  286.340973    
  286.340698    
  286.340424    
  286.340179    
  286.339905    
  286.339630    
  286.339355    
  286.339081    
  286.338806    
  286.338531    
  286.338257    
  286.337982    
  286.337708    
  286.337463    
  286.337189    
  286.336914    
  286.336639    
  286.336365    
  286.336090    
  286.335815    
  286.335541    
  286.335266    
  286.334991    
  286.334717    
  286.334473    
  286.334198    
  286.333923    
  286.468536    
  286.468292    
  286.468018    
  286.467773    
  286.467499    
  286.467224    
  286.466980    
  286.466705    
  286.466461    
  286.466187    
  286.465942    
  286.465668    
  286.465424    
  286.465149    
  286.464874    
  286.464630    
  286.464355    
  286.464111    
  286.463837    
  286.463593    
  286.463318    
  286.463074    
  286.462799    
  286.462555    
  286.462280    
  286.462006    
  286.461761    
  286.461487    
  286.461243    
  286.460968    
  286.595306    
  286.595032    
  286.594788    
  286.594543    
  286.594299    
  286.594055    
  286.593781    
  286.593536    
  286.593292    
  286.593048    
  286.592804    
  286.592529    
  286.592285    
  286.592041    
  286.591797    
  286.591553    
  286.591278    
  286.591034    
  286.590790    
  286.590546    
  286.590302    
  286.590057    
  286.589783    
  286.589539    
  286.589294    
  286.589050    
  286.588806    
  286.588531    
  286.588287    
  286.588043    
  286.722076    
  286.721832    
  286.721588    
  286.721344    
  286.721100    
  286.720886    
  286.720642    
  286.720398    
  286.720154    
  286.719910    
  286.719666    
  286.719452    
  286.719208    
  286.718964    
  286.718719    
  286.718475    
  286.718231    
  286.718018    
  286.717773    
  286.717529    
  286.717285    
  286.717041    
  286.716797    
  286.716583    
  286.716339    
  286.716095    
  286.715851    
  286.715607    
  286.715363    
  286.715118    
  286.848877    
  286.848663    
  286.848419    
  286.848206    
  286.847961    
  286.847748    
  286.847504    
  286.847290    
  286.847046    
  286.846832    
  286.846588    
  286.846375    
  286.846130    
  286.845917    
  286.845673    
  286.845459    
  286.845215    
  286.845001    
  286.844757    
  286.844543    
  286.844299    
  286.844086    
  286.843842    
  286.843628    
  286.843384    
  286.843170    
  286.842926    
  286.842712    
  286.842468    
  286.842255    
  286.975708    
  286.975494    
  286.975281    
  286.975067    
  286.974854    
  286.974640    
  286.974426    
  286.974182    
  286.973969    
  286.973755    
  286.973541    
  286.973328    
  286.973114    
  286.972900    
  286.972656    
  286.972443    
  286.972229    
  286.972015    
  286.971802    
  286.971588    
  286.971375    
  286.971130    
  286.970917    
  286.970703    
  286.970490    
  286.970276    
  286.970062    
  286.969849    
  286.969604    
  286.969391    
  287.102539    
  287.102325    
  287.102142    
  287.101929    
  287.101715    
  287.101501    
  287.101318    
  287.101105    
  287.100891    
  287.100677    
  287.100464    
  287.100281    
  287.100067    
  287.099854    
  287.099640    
  287.099426    
  287.099243    
  287.099030    
  287.098816    
  287.098602    
  287.098419    
  287.098206    
  287.097992    
  287.097778    
  287.097565    
  287.097382    
  287.097168    
  287.096954    
  287.096741    
  287.096527    
  287.229401    
  287.229187    
  287.229004    
  287.228790    
  287.228607    
  287.228424    
  287.228210    
  287.228027    
  287.227814    
  287.227631    
  287.227417    
  287.227234    
  287.227020    
  287.226837    
  287.226654    
  287.226440    
  287.226257    
  287.226044    
  287.225861    
  287.225647    
  287.225464    
  287.225281    
  287.225067    
  287.224884    
  287.224670    
  287.224487    
  287.224274    
  287.224091    
  287.223907    
  287.223694    
  287.356293    
  287.356079    
  287.355896    
  287.355713    
  287.355530    
  287.355347    
  287.355164    
  287.354980    
  287.354797    
  287.354614    
  287.354431    
  287.354248    
  287.354065    
  287.353882    
  287.353668    
  287.353485    
  287.353302    
  287.353119    
  287.352936    
  287.352753    
  287.352570    
  287.352386    
  287.352203    
  287.352020    
  287.351837    
  287.351654    
  287.351440    
  287.351257    
  287.351074    
  287.350891    
  287.483185    
  287.483002    
  287.482819    
  287.482635    
  287.482483    
  287.482300    
  287.482117    
  287.481934    
  287.481781    
  287.481598    
  287.481415    
  287.481232    
  287.481079    
  287.480896    
  287.480713    
  287.480560    
  287.480377    
  287.480194    
  287.480011    
  287.479858    
  287.479675    
  287.479492    
  287.479309    
  287.479156    
  287.478973    
  287.478790    
  287.478638    
  287.478455    
  287.478271    
  287.478088    
  287.610138    
  287.609955    
  287.609802    
  287.609619    
  287.609467    
  287.609314    
  287.609131    
  287.608978    
  287.608826    
  287.608643    
  287.608490    
  287.608307    
  287.608154    
  287.608002    
  287.607819    
  287.607666    
  287.607513    
  287.607330    
  287.607178    
  287.606995    
  287.606842    
  287.606689    
  287.606506    
  287.606354    
  287.606171    
  287.606018    
  287.605865    
  287.605682    
  287.605530    
  287.605377    
  287.737030    
  287.736877    
  287.736725    
  287.736572    
  287.736420    
  287.736267    
  287.736115    
  287.735962    
  287.735809    
  287.735657    
  287.735504    
  287.735352    
  287.735199    
  287.735046    
  287.734894    
  287.734741    
  287.734589    
  287.734436    
  287.734283    
  287.734131    
  287.733978    
  287.733826    
  287.733673    
  287.733521    
  287.733368    
  287.733215    
  287.733063    
  287.732910    
  287.732758    
  287.732605    
  287.864044    
  287.863892    
  287.863770    
  287.863617    
  287.863464    
  287.863342    
  287.863190    
  287.863037    
  287.862915    
  287.862762    
  287.862640    
  287.862488    
  287.862335    
  287.862213    
  287.862061    
  287.861908    
  287.861786    
  287.861633    
  287.861481    
  287.861359    
  287.861206    
  287.861053    
  287.860931    
  287.860779    
  287.860626    
  287.860504    
  287.860352    
  287.860199    
  287.860077    
  287.859924    
  287.991119    
  287.990997    
  287.990845    
  287.990723    
  287.990601    
  287.990448    
  287.990326    
  287.990204    
  287.990082    
  287.989929    
  287.989807    
  287.989685    
  287.989532    
  287.989410    
  287.989288    
  287.989166    
  287.989014    
  287.988892    
  287.988770    
  287.988617    
  287.988495    
  287.988373    
  287.988251    
  287.988098    
  287.987976    
  287.987854    
  287.987701    
  287.987579    
  287.987457    
  287.987335    
  288.127350    
  288.127197    
  288.127075    
  288.126953    
  288.126831    
  288.126678    
  288.126556    
  288.126434    
  288.126312    
  288.126160    
  288.126038    
  288.125916    
  288.125793    
  288.125671    
  288.125519    
  288.125397    
  288.125275    
  288.125153    
  288.125000    
  288.124878    
  288.124756    
  288.124634    
  288.124481    
  288.124359    
  288.124237    
  288.124115    
  288.123993    
  288.123840    
  288.123718    
  288.123596    
  288.274139    
  288.274017    
  288.273865    
  288.273743    
  288.273590    
  288.273468    
  288.273315    
  288.273193    
  288.273041    
  288.272919    
  288.272766    
  288.272644    
  288.272491    
  288.272339    
  288.272217    
  288.272064    
  288.271942    
  288.271790    
  288.271667    
  288.271515    
  288.271393    
  288.271240    
  288.271118    
  288.270966    
  288.270813    
  288.270691    
  288.270538    
  288.270416    
  288.270264    
  288.270142    
  288.421906    
  288.421753    
  288.421600    
  288.421448    
  288.421295    
  288.421143    
  288.420990    
  288.420837    
  288.420685    
  288.420563    
  288.420410    
  288.420258    
  288.420105    
  288.419952    
  288.419800    
  288.419647    
  288.419495    
  288.419342    
  288.419220    
  288.419067    
  288.418915    
  288.418762    
  288.418610    
  288.418457    
  288.418304    
  288.418152    
  288.417999    
  288.417877    
  288.417725    
  288.417572    
  288.572113    
  288.571960    
  288.571777    
  288.571625    
  288.571472    
  288.571289    
  288.571136    
  288.570984    
  288.570801    
  288.570648    
  288.570496    
  288.570312    
  288.570160    
  288.570007    
  288.569824    
  288.569672    
  288.569519    
  288.569336    
  288.569183    
  288.569031    
  288.568848    
  288.568695    
  288.568542    
  288.568359    
  288.568207    
  288.568054    
  288.567871    
  288.567719    
  288.567566    
  288.567383    
  288.722351    
  288.722168    
  288.721985    
  288.721802    
  288.721619    
  288.721466    
  288.721283    
  288.721100    
  288.720917    
  288.720734    
  288.720581    
  288.720398    
  288.720215    
  288.720032    
  288.719879    
  288.719696    
  288.719513    
  288.719330    
  288.719147    
  288.718994    
  288.718811    
  288.718628    
  288.718445    
  288.718262    
  288.718109    
  288.717926    
  288.717743    
  288.717560    
  288.717377    
  288.717224    
  288.872559    
  288.872375    
  288.872192    
  288.871979    
  288.871796    
  288.871613    
  288.871429    
  288.871246    
  288.871033    
  288.870850    
  288.870667    
  288.870483    
  288.870270    
  288.870087    
  288.869904    
  288.869720    
  288.869507    
  288.869324    
  288.869141    
  288.868958    
  288.868744    
  288.868561    
  288.868378    
  288.868195    
  288.867981    
  288.867798    
  288.867615    
  288.867432    
  288.867218    
  288.867035    
  289.022766    
  289.022583    
  289.022369    
  289.022156    
  289.021973    
  289.021759    
  289.021545    
  289.021362    
  289.021149    
  289.020935    
  289.020721    
  289.020538    
  289.020325    
  289.020111    
  289.019928    
  289.019714    
  289.019501    
  289.019318    
  289.019104    
  289.018890    
  289.018707    
  289.018494    
  289.018280    
  289.018066    
  289.017883    
  289.017670    
  289.017456    
  289.017273    
  289.017059    
  289.016846    
  289.173035    
  289.172791    
  289.172577    
  289.172363    
  289.172150    
  289.171936    
  289.171722    
  289.171509    
  289.171265    
  289.171051    
  289.170837    
  289.170624    
  289.170410    
  289.170197    
  289.169983    
  289.169769    
  289.169525    
  289.169312    
  289.169098    
  289.168884    
  289.168671    
  289.168457    
  289.168243    
  289.167999    
  289.167786    
  289.167572    
  289.167358    
  289.167145    
  289.166931    
  289.166718    
  289.323273    
  289.323029    
  289.322815    
  289.322571    
  289.322327    
  289.322113    
  289.321869    
  289.321655    
  289.321411    
  289.321167    
  289.320953    
  289.320709    
  289.320496    
  289.320251    
  289.320038    
  289.319794    
  289.319550    
  289.319336    
  289.319092    
  289.318878    
  289.318634    
  289.318390    
  289.318176    
  289.317932    
  289.317719    
  289.317474    
  289.317230    
  289.317017    
  289.316772    
  289.316559    
  289.473480    
  289.473236    
  289.472992    
  289.472748    
  289.472504    
  289.472260    
  289.472015    
  289.471771    
  289.471527    
  289.471283    
  289.471039    
  289.470795    
  289.470551    
  289.470306    
  289.470062    
  289.469818    
  289.469574    
  289.469330    
  289.469086    
  289.468842    
  289.468597    
  289.468323    
  289.468079    
  289.467834    
  289.467590    
  289.467346    
  289.467102    
  289.466858    
  289.466614    
  289.466370    
  289.623718    
  289.623444    
  289.623199    
  289.622925    
  289.622681    
  289.622406    
  289.622162    
  289.621887    
  289.621643    
  289.621368    
  289.621124    
  289.620850    
  289.620605    
  289.620331    
  289.620087    
  289.619812    
  289.619568    
  289.619293    
  289.619049    
  289.618774    
  289.618530    
  289.618256    
  289.618011    
  289.617737    
  289.617493    
  289.617218    
  289.616974    
  289.616699    
  289.616455    
  289.616180    
)
;


// ************************************************************************* //
