      900
(
(   0.8045775    9.4484777   -0.0000329)
(   0.8041937    9.4482985   -0.0000329)
(   0.8038098    9.4481182   -0.0000329)
(   0.8034259    9.4479389   -0.0000330)
(   0.8030419    9.4477587   -0.0000330)
(   0.8026581    9.4475784   -0.0000331)
(   0.8022742    9.4473991   -0.0000331)
(   0.8018904    9.4472198   -0.0000331)
(   0.8015065    9.4470396   -0.0000332)
(   0.8011225    9.4468603   -0.0000332)
(   0.8007386    9.4466801   -0.0000333)
(   0.8003548    9.4464998   -0.0000333)
(   0.7999709    9.4463205   -0.0000333)
(   0.7995870    9.4461412   -0.0000334)
(   0.7992031    9.4459610   -0.0000334)
(   0.7988192    9.4457817   -0.0000335)
(   0.7984353    9.4456005   -0.0000335)
(   0.7980514    9.4454212   -0.0000335)
(   0.7976675    9.4452419   -0.0000336)
(   0.7972836    9.4450617   -0.0000336)
(   0.7968998    9.4448824   -0.0000337)
(   0.7965158    9.4447031   -0.0000337)
(   0.7961320    9.4445219   -0.0000337)
(   0.7957481    9.4443426   -0.0000338)
(   0.7953642    9.4441633   -0.0000338)
(   0.7949803    9.4439831   -0.0000339)
(   0.7945964    9.4438038   -0.0000339)
(   0.7942125    9.4436245   -0.0000339)
(   0.7938286    9.4434433   -0.0000340)
(   0.7934448    9.4432640   -0.0000340)
(   0.8411444    9.5190010   -0.0000328)
(   0.8407609    9.5188208   -0.0000328)
(   0.8403776    9.5186405   -0.0000329)
(   0.8399941    9.5184603   -0.0000329)
(   0.8396108    9.5182791   -0.0000330)
(   0.8392273    9.5180988   -0.0000330)
(   0.8388441    9.5179195   -0.0000330)
(   0.8384607    9.5177383   -0.0000331)
(   0.8380773    9.5175581   -0.0000331)
(   0.8376939    9.5173779   -0.0000332)
(   0.8373106    9.5171976   -0.0000332)
(   0.8369271    9.5170174   -0.0000332)
(   0.8365437    9.5168371   -0.0000333)
(   0.8361603    9.5166559   -0.0000333)
(   0.8357769    9.5164766   -0.0000334)
(   0.8353936    9.5162964   -0.0000334)
(   0.8350102    9.5161152   -0.0000334)
(   0.8346268    9.5159349   -0.0000335)
(   0.8342435    9.5157557   -0.0000335)
(   0.8338602    9.5155745   -0.0000336)
(   0.8334767    9.5153942   -0.0000336)
(   0.8330933    9.5152140   -0.0000336)
(   0.8327099    9.5150328   -0.0000337)
(   0.8323265    9.5148535   -0.0000337)
(   0.8319431    9.5146723   -0.0000338)
(   0.8315598    9.5144920   -0.0000338)
(   0.8311763    9.5143118   -0.0000338)
(   0.8307930    9.5141315   -0.0000339)
(   0.8304095    9.5139513   -0.0000339)
(   0.8300261    9.5137711   -0.0000340)
(   0.9637911    9.7555361   -0.0000327)
(   0.9634089    9.7553530   -0.0000328)
(   0.9630270    9.7551699   -0.0000328)
(   0.9626450    9.7549868   -0.0000329)
(   0.9622629    9.7548046   -0.0000329)
(   0.9618809    9.7546206   -0.0000329)
(   0.9614989    9.7544394   -0.0000330)
(   0.9611169    9.7542562   -0.0000330)
(   0.9607347    9.7540731   -0.0000331)
(   0.9603528    9.7538910   -0.0000331)
(   0.9599707    9.7537079   -0.0000331)
(   0.9595887    9.7535248   -0.0000332)
(   0.9592066    9.7533417   -0.0000332)
(   0.9588246    9.7531595   -0.0000333)
(   0.9584426    9.7529755   -0.0000333)
(   0.9580606    9.7527933   -0.0000333)
(   0.9576786    9.7526102   -0.0000334)
(   0.9572966    9.7524271   -0.0000334)
(   0.9569145    9.7522440   -0.0000335)
(   0.9565325    9.7520618   -0.0000335)
(   0.9561505    9.7518797   -0.0000335)
(   0.9557685    9.7516956   -0.0000336)
(   0.9553865    9.7515135   -0.0000336)
(   0.9550043    9.7513304   -0.0000337)
(   0.9546224    9.7511473   -0.0000337)
(   0.9542403    9.7509642   -0.0000337)
(   0.9538583    9.7507820   -0.0000338)
(   0.9534762    9.7505980   -0.0000338)
(   0.9530944    9.7504158   -0.0000339)
(   0.9527122    9.7502337   -0.0000339)
(   1.0862852    9.9917755   -0.0000327)
(   1.0859045    9.9915905   -0.0000327)
(   1.0855238    9.9914045   -0.0000328)
(   1.0851431    9.9912195   -0.0000328)
(   1.0847625    9.9910345   -0.0000328)
(   1.0843817    9.9908495   -0.0000329)
(   1.0840011    9.9906635   -0.0000329)
(   1.0836204    9.9904776   -0.0000330)
(   1.0832398    9.9902925   -0.0000330)
(   1.0828590    9.9901066   -0.0000330)
(   1.0824784    9.9899216   -0.0000331)
(   1.0820976    9.9897366   -0.0000331)
(   1.0817170    9.9895515   -0.0000332)
(   1.0813363    9.9893656   -0.0000332)
(   1.0809556    9.9891815   -0.0000332)
(   1.0805750    9.9889956   -0.0000333)
(   1.0801944    9.9888096   -0.0000333)
(   1.0798136    9.9886246   -0.0000334)
(   1.0794330    9.9884396   -0.0000334)
(   1.0790523    9.9882536   -0.0000334)
(   1.0786717    9.9880686   -0.0000335)
(   1.0782911    9.9878836   -0.0000335)
(   1.0779103    9.9876976   -0.0000336)
(   1.0775297    9.9875116   -0.0000336)
(   1.0771489    9.9873266   -0.0000337)
(   1.0767684    9.9871416   -0.0000337)
(   1.0763876    9.9869556   -0.0000337)
(   1.0760070    9.9867706   -0.0000338)
(   1.0756263    9.9865856   -0.0000338)
(   1.0752456    9.9864006   -0.0000339)
(   1.2086946   10.2278538   -0.0000326)
(   1.2083153   10.2276649   -0.0000327)
(   1.2079359   10.2274771   -0.0000327)
(   1.2075566   10.2272892   -0.0000327)
(   1.2071773   10.2271004   -0.0000328)
(   1.2067980   10.2269135   -0.0000328)
(   1.2064186   10.2267256   -0.0000329)
(   1.2060393   10.2265377   -0.0000329)
(   1.2056600   10.2263489   -0.0000330)
(   1.2052807   10.2261610   -0.0000330)
(   1.2049012   10.2259731   -0.0000330)
(   1.2045219   10.2257862   -0.0000331)
(   1.2041427   10.2255974   -0.0000331)
(   1.2037632   10.2254095   -0.0000332)
(   1.2033840   10.2252216   -0.0000332)
(   1.2030046   10.2250338   -0.0000332)
(   1.2026254   10.2248449   -0.0000333)
(   1.2022460   10.2246580   -0.0000333)
(   1.2018667   10.2244701   -0.0000334)
(   1.2014873   10.2242813   -0.0000334)
(   1.2011081   10.2240934   -0.0000334)
(   1.2007287   10.2239065   -0.0000335)
(   1.2003495   10.2237186   -0.0000335)
(   1.1999700   10.2235308   -0.0000336)
(   1.1995908   10.2233429   -0.0000336)
(   1.1992112   10.2231550   -0.0000336)
(   1.1988320   10.2229671   -0.0000337)
(   1.1984526   10.2227783   -0.0000337)
(   1.1980734   10.2225904   -0.0000338)
(   1.1976939   10.2224035   -0.0000338)
(   1.3309846   10.4637012   -0.0000326)
(   1.3306067   10.4635105   -0.0000326)
(   1.3302287   10.4633198   -0.0000327)
(   1.3298507   10.4631300   -0.0000327)
(   1.3294727   10.4629393   -0.0000327)
(   1.3290946   10.4627485   -0.0000328)
(   1.3287165   10.4625578   -0.0000328)
(   1.3283386   10.4623680   -0.0000329)
(   1.3279606   10.4621773   -0.0000329)
(   1.3275826   10.4619856   -0.0000329)
(   1.3272046   10.4617958   -0.0000330)
(   1.3268267   10.4616051   -0.0000330)
(   1.3264486   10.4614153   -0.0000331)
(   1.3260707   10.4612246   -0.0000331)
(   1.3256927   10.4610338   -0.0000331)
(   1.3253145   10.4608431   -0.0000332)
(   1.3249365   10.4606533   -0.0000332)
(   1.3245586   10.4604626   -0.0000333)
(   1.3241806   10.4602709   -0.0000333)
(   1.3238026   10.4600811   -0.0000333)
(   1.3234246   10.4598904   -0.0000334)
(   1.3230466   10.4597006   -0.0000334)
(   1.3226687   10.4595089   -0.0000335)
(   1.3222905   10.4593191   -0.0000335)
(   1.3219126   10.4591284   -0.0000335)
(   1.3215346   10.4589386   -0.0000336)
(   1.3211565   10.4587479   -0.0000336)
(   1.3207785   10.4585571   -0.0000337)
(   1.3204006   10.4583673   -0.0000337)
(   1.3200225   10.4581766   -0.0000337)
(   1.4530836   10.6991796   -0.0000325)
(   1.4527071   10.6989870   -0.0000326)
(   1.4523304   10.6987934   -0.0000326)
(   1.4519538   10.6985998   -0.0000326)
(   1.4515769   10.6984072   -0.0000327)
(   1.4512004   10.6982136   -0.0000327)
(   1.4508237   10.6980209   -0.0000328)
(   1.4504470   10.6978283   -0.0000328)
(   1.4500701   10.6976347   -0.0000328)
(   1.4496937   10.6974411   -0.0000329)
(   1.4493169   10.6972485   -0.0000329)
(   1.4489403   10.6970558   -0.0000330)
(   1.4485637   10.6968613   -0.0000330)
(   1.4481869   10.6966686   -0.0000330)
(   1.4478103   10.6964760   -0.0000331)
(   1.4474335   10.6962824   -0.0000331)
(   1.4470569   10.6960897   -0.0000332)
(   1.4466802   10.6958961   -0.0000332)
(   1.4463035   10.6957035   -0.0000332)
(   1.4459269   10.6955099   -0.0000333)
(   1.4455502   10.6953173   -0.0000333)
(   1.4451734   10.6951237   -0.0000334)
(   1.4447969   10.6949301   -0.0000334)
(   1.4444201   10.6947374   -0.0000334)
(   1.4440434   10.6945448   -0.0000335)
(   1.4436667   10.6943521   -0.0000335)
(   1.4432901   10.6941576   -0.0000336)
(   1.4429133   10.6939650   -0.0000336)
(   1.4425367   10.6937723   -0.0000336)
(   1.4421600   10.6935787   -0.0000337)
(   1.5751026   10.9345007   -0.0000325)
(   1.5747272   10.9343061   -0.0000325)
(   1.5743519   10.9341106   -0.0000325)
(   1.5739765   10.9339142   -0.0000326)
(   1.5736011   10.9337187   -0.0000326)
(   1.5732257   10.9335232   -0.0000327)
(   1.5728505   10.9333277   -0.0000327)
(   1.5724750   10.9331322   -0.0000327)
(   1.5720997   10.9329357   -0.0000328)
(   1.5717243   10.9327402   -0.0000328)
(   1.5713489   10.9325447   -0.0000329)
(   1.5709735   10.9323492   -0.0000329)
(   1.5705982   10.9321537   -0.0000329)
(   1.5702229   10.9319572   -0.0000330)
(   1.5698475   10.9317608   -0.0000330)
(   1.5694721   10.9315653   -0.0000331)
(   1.5690968   10.9313698   -0.0000331)
(   1.5687213   10.9311743   -0.0000331)
(   1.5683460   10.9309778   -0.0000332)
(   1.5679706   10.9307823   -0.0000332)
(   1.5675952   10.9305868   -0.0000333)
(   1.5672199   10.9303913   -0.0000333)
(   1.5668446   10.9301958   -0.0000333)
(   1.5664692   10.9299994   -0.0000334)
(   1.5660938   10.9298038   -0.0000334)
(   1.5657185   10.9296083   -0.0000335)
(   1.5653431   10.9294128   -0.0000335)
(   1.5649678   10.9292173   -0.0000335)
(   1.5645924   10.9290209   -0.0000336)
(   1.5642171   10.9288254   -0.0000336)
(   1.6969930   11.1695728   -0.0000324)
(   1.6966188   11.1693745   -0.0000324)
(   1.6962448   11.1691771   -0.0000325)
(   1.6958708   11.1689796   -0.0000325)
(   1.6954967   11.1687813   -0.0000326)
(   1.6951227   11.1685820   -0.0000326)
(   1.6947485   11.1683836   -0.0000326)
(   1.6943746   11.1681852   -0.0000327)
(   1.6940004   11.1679878   -0.0000327)
(   1.6936264   11.1677895   -0.0000328)
(   1.6932523   11.1675911   -0.0000328)
(   1.6928784   11.1673918   -0.0000328)
(   1.6925042   11.1671944   -0.0000329)
(   1.6921302   11.1669960   -0.0000329)
(   1.6917560   11.1667976   -0.0000330)
(   1.6913821   11.1665993   -0.0000330)
(   1.6910079   11.1664000   -0.0000330)
(   1.6906339   11.1662025   -0.0000331)
(   1.6902597   11.1660042   -0.0000331)
(   1.6898857   11.1658058   -0.0000332)
(   1.6895115   11.1656075   -0.0000332)
(   1.6891377   11.1654091   -0.0000332)
(   1.6887635   11.1652107   -0.0000333)
(   1.6883895   11.1650124   -0.0000333)
(   1.6880155   11.1648140   -0.0000334)
(   1.6876414   11.1646156   -0.0000334)
(   1.6872673   11.1644173   -0.0000334)
(   1.6868932   11.1642199   -0.0000335)
(   1.6865193   11.1640205   -0.0000335)
(   1.6861451   11.1638222   -0.0000336)
(   1.8186786   11.4042501   -0.0000324)
(   1.8183060   11.4040499   -0.0000324)
(   1.8179330   11.4038496   -0.0000324)
(   1.8175602   11.4036493   -0.0000325)
(   1.8171875   11.4034481   -0.0000325)
(   1.8168147   11.4032469   -0.0000326)
(   1.8164419   11.4030466   -0.0000326)
(   1.8160691   11.4028444   -0.0000326)
(   1.8156965   11.4026442   -0.0000327)
(   1.8153236   11.4024429   -0.0000327)
(   1.8149508   11.4022427   -0.0000327)
(   1.8145781   11.4020414   -0.0000328)
(   1.8142054   11.4018402   -0.0000328)
(   1.8138325   11.4016399   -0.0000329)
(   1.8134595   11.4014378   -0.0000329)
(   1.8130870   11.4012375   -0.0000329)
(   1.8127141   11.4010363   -0.0000330)
(   1.8123413   11.4008360   -0.0000330)
(   1.8119687   11.4006348   -0.0000331)
(   1.8115959   11.4004345   -0.0000331)
(   1.8112230   11.4002333   -0.0000331)
(   1.8108504   11.4000311   -0.0000332)
(   1.8104776   11.3998308   -0.0000332)
(   1.8101046   11.3996296   -0.0000333)
(   1.8097320   11.3994293   -0.0000333)
(   1.8093590   11.3992281   -0.0000333)
(   1.8089865   11.3990278   -0.0000334)
(   1.8086135   11.3988266   -0.0000334)
(   1.8082409   11.3986244   -0.0000335)
(   1.8078679   11.3984241   -0.0000335)
(   1.9403160   11.6388378   -0.0000323)
(   1.9399447   11.6386347   -0.0000323)
(   1.9395730   11.6384315   -0.0000324)
(   1.9392016   11.6382275   -0.0000324)
(   1.9388301   11.6380234   -0.0000325)
(   1.9384587   11.6378202   -0.0000325)
(   1.9380872   11.6376171   -0.0000325)
(   1.9377158   11.6374130   -0.0000326)
(   1.9373440   11.6372099   -0.0000326)
(   1.9369727   11.6370068   -0.0000327)
(   1.9366010   11.6368027   -0.0000327)
(   1.9362296   11.6365986   -0.0000327)
(   1.9358581   11.6363955   -0.0000328)
(   1.9354867   11.6361914   -0.0000328)
(   1.9351152   11.6359882   -0.0000329)
(   1.9347438   11.6357851   -0.0000329)
(   1.9343721   11.6355810   -0.0000329)
(   1.9340007   11.6353779   -0.0000330)
(   1.9336290   11.6351748   -0.0000330)
(   1.9332576   11.6349697   -0.0000331)
(   1.9328861   11.6347666   -0.0000331)
(   1.9325147   11.6345634   -0.0000331)
(   1.9321432   11.6343594   -0.0000332)
(   1.9317718   11.6341562   -0.0000332)
(   1.9314001   11.6339531   -0.0000333)
(   1.9310288   11.6337490   -0.0000333)
(   1.9306571   11.6335459   -0.0000333)
(   1.9302856   11.6333418   -0.0000334)
(   1.9299141   11.6331377   -0.0000334)
(   1.9295427   11.6329346   -0.0000334)
(   2.0617833   11.8730993   -0.0000322)
(   2.0614130   11.8728933   -0.0000323)
(   2.0610425   11.8726873   -0.0000323)
(   2.0606725   11.8724804   -0.0000324)
(   2.0603023   11.8722744   -0.0000324)
(   2.0599322   11.8720675   -0.0000324)
(   2.0595617   11.8718615   -0.0000325)
(   2.0591917   11.8716555   -0.0000325)
(   2.0588214   11.8714495   -0.0000326)
(   2.0584512   11.8712435   -0.0000326)
(   2.0580807   11.8710375   -0.0000326)
(   2.0577106   11.8708315   -0.0000327)
(   2.0573406   11.8706245   -0.0000327)
(   2.0569704   11.8704176   -0.0000328)
(   2.0566001   11.8702116   -0.0000328)
(   2.0562298   11.8700056   -0.0000328)
(   2.0558596   11.8697996   -0.0000329)
(   2.0554893   11.8695936   -0.0000329)
(   2.0551190   11.8693876   -0.0000330)
(   2.0547490   11.8691807   -0.0000330)
(   2.0543787   11.8689747   -0.0000330)
(   2.0540085   11.8687687   -0.0000331)
(   2.0536382   11.8685627   -0.0000331)
(   2.0532680   11.8683558   -0.0000332)
(   2.0528977   11.8681498   -0.0000332)
(   2.0525274   11.8679438   -0.0000332)
(   2.0521574   11.8677368   -0.0000333)
(   2.0517874   11.8675318   -0.0000333)
(   2.0514169   11.8673258   -0.0000334)
(   2.0510466   11.8671198   -0.0000334)
(   2.1832495   12.1073608   -0.0000322)
(   2.1828809   12.1071520   -0.0000322)
(   2.1825118   12.1069431   -0.0000323)
(   2.1821427   12.1067343   -0.0000323)
(   2.1817739   12.1065245   -0.0000323)
(   2.1814051   12.1063156   -0.0000324)
(   2.1810358   12.1061068   -0.0000324)
(   2.1806669   12.1058979   -0.0000325)
(   2.1802979   12.1056890   -0.0000325)
(   2.1799290   12.1054802   -0.0000325)
(   2.1795602   12.1052713   -0.0000326)
(   2.1791911   12.1050625   -0.0000326)
(   2.1788220   12.1048546   -0.0000327)
(   2.1784534   12.1046457   -0.0000327)
(   2.1780844   12.1044369   -0.0000327)
(   2.1777153   12.1042280   -0.0000328)
(   2.1773465   12.1040192   -0.0000328)
(   2.1769774   12.1038094   -0.0000329)
(   2.1766086   12.1036005   -0.0000329)
(   2.1762395   12.1033916   -0.0000329)
(   2.1758704   12.1031828   -0.0000330)
(   2.1755018   12.1029739   -0.0000330)
(   2.1751328   12.1027651   -0.0000331)
(   2.1747637   12.1025562   -0.0000331)
(   2.1743948   12.1023483   -0.0000331)
(   2.1740260   12.1021395   -0.0000332)
(   2.1736569   12.1019306   -0.0000332)
(   2.1732879   12.1017218   -0.0000333)
(   2.1729188   12.1015129   -0.0000333)
(   2.1725502   12.1013041   -0.0000333)
(   2.3044405   12.3410826   -0.0000321)
(   2.3040729   12.3408709   -0.0000322)
(   2.3037052   12.3406601   -0.0000322)
(   2.3033376   12.3404484   -0.0000322)
(   2.3029699   12.3402367   -0.0000323)
(   2.3026021   12.3400249   -0.0000323)
(   2.3022344   12.3398132   -0.0000324)
(   2.3018665   12.3396025   -0.0000324)
(   2.3014989   12.3393908   -0.0000324)
(   2.3011310   12.3391790   -0.0000325)
(   2.3007636   12.3389673   -0.0000325)
(   2.3003957   12.3387566   -0.0000326)
(   2.3000281   12.3385448   -0.0000326)
(   2.2996604   12.3383331   -0.0000326)
(   2.2992928   12.3381214   -0.0000327)
(   2.2989252   12.3379107   -0.0000327)
(   2.2985573   12.3376980   -0.0000328)
(   2.2981896   12.3374863   -0.0000328)
(   2.2978220   12.3372746   -0.0000328)
(   2.2974544   12.3370638   -0.0000329)
(   2.2970862   12.3368530   -0.0000329)
(   2.2967186   12.3366413   -0.0000330)
(   2.2963512   12.3364296   -0.0000330)
(   2.2959833   12.3362179   -0.0000330)
(   2.2956157   12.3360071   -0.0000331)
(   2.2952478   12.3357954   -0.0000331)
(   2.2948804   12.3355837   -0.0000332)
(   2.2945125   12.3353720   -0.0000332)
(   2.2941449   12.3351612   -0.0000332)
(   2.2937770   12.3349495   -0.0000333)
(   2.4256308   12.5748053   -0.0000321)
(   2.4252644   12.5745916   -0.0000321)
(   2.4248979   12.5743771   -0.0000322)
(   2.4245317   12.5741634   -0.0000322)
(   2.4241650   12.5739489   -0.0000322)
(   2.4237986   12.5737343   -0.0000323)
(   2.4234321   12.5735207   -0.0000323)
(   2.4230659   12.5733061   -0.0000324)
(   2.4226995   12.5730925   -0.0000324)
(   2.4223328   12.5728779   -0.0000324)
(   2.4219663   12.5726643   -0.0000325)
(   2.4216001   12.5724497   -0.0000325)
(   2.4212337   12.5722342   -0.0000326)
(   2.4208670   12.5720215   -0.0000326)
(   2.4205005   12.5718069   -0.0000326)
(   2.4201343   12.5715933   -0.0000327)
(   2.4197679   12.5713787   -0.0000327)
(   2.4194012   12.5711641   -0.0000327)
(   2.4190347   12.5709505   -0.0000328)
(   2.4186685   12.5707359   -0.0000328)
(   2.4183021   12.5705223   -0.0000329)
(   2.4179351   12.5703077   -0.0000329)
(   2.4175687   12.5700932   -0.0000329)
(   2.4172025   12.5698795   -0.0000330)
(   2.4168360   12.5696650   -0.0000330)
(   2.4164693   12.5694513   -0.0000331)
(   2.4161029   12.5692368   -0.0000331)
(   2.4157367   12.5690231   -0.0000331)
(   2.4153702   12.5688086   -0.0000332)
(   2.4150038   12.5685940   -0.0000332)
(   2.5466051   12.8081150   -0.0000320)
(   2.5462399   12.8078976   -0.0000321)
(   2.5458741   12.8076811   -0.0000321)
(   2.5455089   12.8074646   -0.0000321)
(   2.5451438   12.8072472   -0.0000322)
(   2.5447786   12.8070307   -0.0000322)
(   2.5444133   12.8068142   -0.0000323)
(   2.5440481   12.8065977   -0.0000323)
(   2.5436831   12.8063803   -0.0000323)
(   2.5433178   12.8061638   -0.0000324)
(   2.5429525   12.8059473   -0.0000324)
(   2.5425873   12.8057299   -0.0000325)
(   2.5422223   12.8055134   -0.0000325)
(   2.5418570   12.8052959   -0.0000325)
(   2.5414917   12.8050795   -0.0000326)
(   2.5411265   12.8048620   -0.0000326)
(   2.5407615   12.8046455   -0.0000327)
(   2.5403962   12.8044291   -0.0000327)
(   2.5400310   12.8042116   -0.0000327)
(   2.5396657   12.8039951   -0.0000328)
(   2.5393007   12.8037777   -0.0000328)
(   2.5389354   12.8035612   -0.0000328)
(   2.5385702   12.8033438   -0.0000329)
(   2.5382049   12.8031273   -0.0000329)
(   2.5378399   12.8029108   -0.0000330)
(   2.5374746   12.8026934   -0.0000330)
(   2.5371094   12.8024769   -0.0000330)
(   2.5367441   12.8022594   -0.0000331)
(   2.5363791   12.8020430   -0.0000331)
(   2.5360138   12.8018265   -0.0000332)
(   2.6675272   13.0413275   -0.0000320)
(   2.6671631   13.0411081   -0.0000320)
(   2.6667991   13.0408888   -0.0000320)
(   2.6664352   13.0406694   -0.0000321)
(   2.6660714   13.0404501   -0.0000321)
(   2.6657073   13.0402308   -0.0000322)
(   2.6653433   13.0400114   -0.0000322)
(   2.6649792   13.0397921   -0.0000322)
(   2.6646154   13.0395718   -0.0000323)
(   2.6642516   13.0393524   -0.0000323)
(   2.6638875   13.0391331   -0.0000324)
(   2.6635234   13.0389128   -0.0000324)
(   2.6631596   13.0386934   -0.0000324)
(   2.6627955   13.0384741   -0.0000325)
(   2.6624315   13.0382547   -0.0000325)
(   2.6620677   13.0380344   -0.0000326)
(   2.6617038   13.0378151   -0.0000326)
(   2.6613398   13.0375957   -0.0000326)
(   2.6609757   13.0373764   -0.0000327)
(   2.6606116   13.0371561   -0.0000327)
(   2.6602478   13.0369368   -0.0000328)
(   2.6598840   13.0367174   -0.0000328)
(   2.6595199   13.0364981   -0.0000328)
(   2.6591558   13.0362778   -0.0000329)
(   2.6587920   13.0360584   -0.0000329)
(   2.6584280   13.0358391   -0.0000330)
(   2.6580639   13.0356207   -0.0000330)
(   2.6577001   13.0354004   -0.0000330)
(   2.6573362   13.0351810   -0.0000331)
(   2.6569722   13.0349617   -0.0000331)
(   2.7898803   13.2702627   -0.0000319)
(   2.7895203   13.2700300   -0.0000320)
(   2.7891603   13.2697964   -0.0000320)
(   2.7888000   13.2695618   -0.0000320)
(   2.7884400   13.2693281   -0.0000321)
(   2.7880800   13.2690945   -0.0000321)
(   2.7877197   13.2688608   -0.0000321)
(   2.7873595   13.2686272   -0.0000322)
(   2.7869995   13.2683935   -0.0000322)
(   2.7866395   13.2681589   -0.0000323)
(   2.7862792   13.2679253   -0.0000323)
(   2.7859190   13.2676916   -0.0000323)
(   2.7855589   13.2674580   -0.0000324)
(   2.7851992   13.2672243   -0.0000324)
(   2.7848389   13.2669916   -0.0000325)
(   2.7844787   13.2667570   -0.0000325)
(   2.7841187   13.2665234   -0.0000325)
(   2.7837586   13.2662897   -0.0000326)
(   2.7833984   13.2660561   -0.0000326)
(   2.7830381   13.2658224   -0.0000327)
(   2.7826781   13.2655888   -0.0000327)
(   2.7823181   13.2653542   -0.0000327)
(   2.7819579   13.2651205   -0.0000328)
(   2.7815979   13.2648869   -0.0000328)
(   2.7812378   13.2646542   -0.0000329)
(   2.7808778   13.2644205   -0.0000329)
(   2.7805176   13.2641878   -0.0000329)
(   2.7801573   13.2639532   -0.0000330)
(   2.7797976   13.2637196   -0.0000330)
(   2.7794373   13.2634859   -0.0000331)
(   2.9131620   13.4964409   -0.0000319)
(   2.9128075   13.4961863   -0.0000319)
(   2.9124527   13.4959307   -0.0000319)
(   2.9120984   13.4956770   -0.0000320)
(   2.9117436   13.4954214   -0.0000320)
(   2.9113889   13.4951658   -0.0000321)
(   2.9110343   13.4949112   -0.0000321)
(   2.9106796   13.4946556   -0.0000321)
(   2.9103251   13.4944019   -0.0000322)
(   2.9099703   13.4941463   -0.0000322)
(   2.9096158   13.4938917   -0.0000323)
(   2.9092612   13.4936371   -0.0000323)
(   2.9089065   13.4933815   -0.0000323)
(   2.9085519   13.4931269   -0.0000324)
(   2.9081972   13.4928722   -0.0000324)
(   2.9078426   13.4926176   -0.0000324)
(   2.9074879   13.4923620   -0.0000325)
(   2.9071331   13.4921074   -0.0000325)
(   2.9067786   13.4918518   -0.0000326)
(   2.9064240   13.4915972   -0.0000326)
(   2.9060695   13.4913425   -0.0000326)
(   2.9057148   13.4910870   -0.0000327)
(   2.9053600   13.4908323   -0.0000327)
(   2.9050055   13.4905767   -0.0000328)
(   2.9046507   13.4903221   -0.0000328)
(   2.9042962   13.4900675   -0.0000328)
(   2.9039414   13.4898129   -0.0000329)
(   2.9035869   13.4895573   -0.0000329)
(   2.9032323   13.4893017   -0.0000330)
(   2.9028776   13.4890471   -0.0000330)
(   3.0493410   13.6405554   -0.0000318)
(   3.0489943   13.6402731   -0.0000318)
(   3.0486476   13.6399899   -0.0000319)
(   3.0483007   13.6397066   -0.0000319)
(   3.0479538   13.6394234   -0.0000320)
(   3.0476074   13.6391401   -0.0000320)
(   3.0472605   13.6388569   -0.0000320)
(   3.0469139   13.6385746   -0.0000321)
(   3.0465670   13.6382914   -0.0000321)
(   3.0462203   13.6380081   -0.0000322)
(   3.0458736   13.6377258   -0.0000322)
(   3.0455267   13.6374426   -0.0000322)
(   3.0451798   13.6371584   -0.0000323)
(   3.0448334   13.6368761   -0.0000323)
(   3.0444865   13.6365929   -0.0000324)
(   3.0441399   13.6363096   -0.0000324)
(   3.0437930   13.6360273   -0.0000324)
(   3.0434463   13.6357450   -0.0000325)
(   3.0430996   13.6354618   -0.0000325)
(   3.0427527   13.6351786   -0.0000325)
(   3.0424061   13.6348953   -0.0000326)
(   3.0420594   13.6346121   -0.0000326)
(   3.0417125   13.6343288   -0.0000327)
(   3.0413659   13.6340466   -0.0000327)
(   3.0410190   13.6337633   -0.0000327)
(   3.0406721   13.6334801   -0.0000328)
(   3.0403256   13.6331978   -0.0000328)
(   3.0399787   13.6329145   -0.0000329)
(   3.0396321   13.6326313   -0.0000329)
(   3.0392852   13.6323481   -0.0000329)
(   3.2002895   13.6902361   -0.0000318)
(   3.1999526   13.6899223   -0.0000318)
(   3.1996155   13.6896095   -0.0000318)
(   3.1992788   13.6892948   -0.0000319)
(   3.1989419   13.6889820   -0.0000319)
(   3.1986048   13.6886683   -0.0000319)
(   3.1982677   13.6883554   -0.0000320)
(   3.1979311   13.6880417   -0.0000320)
(   3.1975939   13.6877279   -0.0000321)
(   3.1972568   13.6874142   -0.0000321)
(   3.1969202   13.6871014   -0.0000321)
(   3.1965833   13.6867876   -0.0000322)
(   3.1962461   13.6864738   -0.0000322)
(   3.1959093   13.6861601   -0.0000323)
(   3.1955721   13.6858473   -0.0000323)
(   3.1952353   13.6855335   -0.0000323)
(   3.1948986   13.6852198   -0.0000324)
(   3.1945615   13.6849070   -0.0000324)
(   3.1942244   13.6845942   -0.0000325)
(   3.1938875   13.6842804   -0.0000325)
(   3.1935506   13.6839666   -0.0000325)
(   3.1932137   13.6836529   -0.0000326)
(   3.1928768   13.6833401   -0.0000326)
(   3.1925397   13.6830263   -0.0000326)
(   3.1922030   13.6827126   -0.0000327)
(   3.1918659   13.6823988   -0.0000327)
(   3.1915288   13.6820860   -0.0000328)
(   3.1911919   13.6817722   -0.0000328)
(   3.1908553   13.6814594   -0.0000328)
(   3.1905181   13.6811447   -0.0000329)
(   3.3531227   13.7311420   -0.0000317)
(   3.3527942   13.7308044   -0.0000317)
(   3.3524654   13.7304668   -0.0000318)
(   3.3521366   13.7301292   -0.0000318)
(   3.3518081   13.7297916   -0.0000319)
(   3.3514795   13.7294540   -0.0000319)
(   3.3511510   13.7291164   -0.0000319)
(   3.3508222   13.7287779   -0.0000320)
(   3.3504937   13.7284422   -0.0000320)
(   3.3501649   13.7281046   -0.0000320)
(   3.3498366   13.7277660   -0.0000321)
(   3.3495078   13.7274294   -0.0000321)
(   3.3491790   13.7270908   -0.0000322)
(   3.3488505   13.7267532   -0.0000322)
(   3.3485219   13.7264166   -0.0000322)
(   3.3481932   13.7260780   -0.0000323)
(   3.3478646   13.7257404   -0.0000323)
(   3.3475361   13.7254038   -0.0000324)
(   3.3472073   13.7250652   -0.0000324)
(   3.3468788   13.7247276   -0.0000324)
(   3.3465500   13.7243910   -0.0000325)
(   3.3462217   13.7240524   -0.0000325)
(   3.3458929   13.7237148   -0.0000326)
(   3.3455644   13.7233772   -0.0000326)
(   3.3452356   13.7230396   -0.0000326)
(   3.3449070   13.7227030   -0.0000327)
(   3.3445785   13.7223654   -0.0000327)
(   3.3442500   13.7220278   -0.0000327)
(   3.3439212   13.7216902   -0.0000328)
(   3.3435924   13.7213516   -0.0000328)
(   3.5112031   13.7476892   -0.0000316)
(   3.5108786   13.7473469   -0.0000317)
(   3.5105541   13.7470036   -0.0000317)
(   3.5102291   13.7466602   -0.0000318)
(   3.5099046   13.7463169   -0.0000318)
(   3.5095799   13.7459745   -0.0000318)
(   3.5092554   13.7456312   -0.0000319)
(   3.5089307   13.7452879   -0.0000319)
(   3.5086060   13.7449455   -0.0000320)
(   3.5082812   13.7446022   -0.0000320)
(   3.5079567   13.7442589   -0.0000320)
(   3.5076320   13.7439165   -0.0000321)
(   3.5073073   13.7435732   -0.0000321)
(   3.5069826   13.7432299   -0.0000321)
(   3.5066581   13.7428875   -0.0000322)
(   3.5063334   13.7425451   -0.0000322)
(   3.5060086   13.7422028   -0.0000323)
(   3.5056841   13.7418585   -0.0000323)
(   3.5053592   13.7415161   -0.0000323)
(   3.5050349   13.7411728   -0.0000324)
(   3.5047100   13.7408295   -0.0000324)
(   3.5043855   13.7404871   -0.0000325)
(   3.5040607   13.7401438   -0.0000325)
(   3.5037363   13.7398014   -0.0000325)
(   3.5034115   13.7394571   -0.0000326)
(   3.5030868   13.7391148   -0.0000326)
(   3.5027621   13.7387724   -0.0000327)
(   3.5024378   13.7384281   -0.0000327)
(   3.5021129   13.7380857   -0.0000327)
(   3.5017884   13.7377424   -0.0000328)
(   3.6692657   13.7642336   -0.0000316)
(   3.6689453   13.7638855   -0.0000316)
(   3.6686246   13.7635374   -0.0000317)
(   3.6683037   13.7631893   -0.0000317)
(   3.6679831   13.7628412   -0.0000317)
(   3.6676626   13.7624931   -0.0000318)
(   3.6673417   13.7621441   -0.0000318)
(   3.6670210   13.7617960   -0.0000319)
(   3.6667004   13.7614470   -0.0000319)
(   3.6663797   13.7610989   -0.0000319)
(   3.6660590   13.7607508   -0.0000320)
(   3.6657383   13.7604027   -0.0000320)
(   3.6654177   13.7600546   -0.0000321)
(   3.6650968   13.7597055   -0.0000321)
(   3.6647763   13.7593565   -0.0000321)
(   3.6644557   13.7590084   -0.0000322)
(   3.6641350   13.7586603   -0.0000322)
(   3.6638141   13.7583122   -0.0000322)
(   3.6634936   13.7579632   -0.0000323)
(   3.6631732   13.7576151   -0.0000323)
(   3.6628523   13.7572680   -0.0000324)
(   3.6625314   13.7569199   -0.0000324)
(   3.6622109   13.7565708   -0.0000324)
(   3.6618905   13.7562218   -0.0000325)
(   3.6615696   13.7558737   -0.0000325)
(   3.6612489   13.7555256   -0.0000326)
(   3.6609282   13.7551775   -0.0000326)
(   3.6606078   13.7548285   -0.0000326)
(   3.6602869   13.7544804   -0.0000327)
(   3.6599662   13.7541323   -0.0000327)
(   3.8269320   13.7807369   -0.0000315)
(   3.8266153   13.7803831   -0.0000316)
(   3.8262985   13.7800293   -0.0000316)
(   3.8259819   13.7796755   -0.0000317)
(   3.8256648   13.7793226   -0.0000317)
(   3.8253484   13.7789688   -0.0000317)
(   3.8250318   13.7786150   -0.0000318)
(   3.8247154   13.7782612   -0.0000318)
(   3.8243983   13.7779074   -0.0000318)
(   3.8240819   13.7775545   -0.0000319)
(   3.8237648   13.7772007   -0.0000319)
(   3.8234482   13.7768469   -0.0000320)
(   3.8231313   13.7764931   -0.0000320)
(   3.8228147   13.7761393   -0.0000320)
(   3.8224978   13.7757854   -0.0000321)
(   3.8221817   13.7754316   -0.0000321)
(   3.8218646   13.7750778   -0.0000322)
(   3.8215482   13.7747240   -0.0000322)
(   3.8212311   13.7743702   -0.0000322)
(   3.8209147   13.7740164   -0.0000323)
(   3.8205976   13.7736626   -0.0000323)
(   3.8202813   13.7733097   -0.0000324)
(   3.8199642   13.7729559   -0.0000324)
(   3.8196478   13.7726011   -0.0000324)
(   3.8193312   13.7722473   -0.0000325)
(   3.8190145   13.7718945   -0.0000325)
(   3.8186977   13.7715416   -0.0000325)
(   3.8183811   13.7711878   -0.0000326)
(   3.8180642   13.7708340   -0.0000326)
(   3.8177476   13.7704802   -0.0000327)
(   3.9845979   13.7972412   -0.0000315)
(   3.9842854   13.7968826   -0.0000315)
(   3.9839723   13.7965231   -0.0000316)
(   3.9836597   13.7961645   -0.0000316)
(   3.9833469   13.7958050   -0.0000316)
(   3.9830339   13.7954464   -0.0000317)
(   3.9827213   13.7950869   -0.0000317)
(   3.9824088   13.7947273   -0.0000318)
(   3.9820957   13.7943678   -0.0000318)
(   3.9817836   13.7940092   -0.0000318)
(   3.9814711   13.7936497   -0.0000319)
(   3.9811578   13.7932911   -0.0000319)
(   3.9808452   13.7929316   -0.0000319)
(   3.9805326   13.7925730   -0.0000320)
(   3.9802196   13.7922144   -0.0000320)
(   3.9799070   13.7918558   -0.0000321)
(   3.9795945   13.7914963   -0.0000321)
(   3.9792812   13.7911377   -0.0000321)
(   3.9789691   13.7907782   -0.0000322)
(   3.9786561   13.7904186   -0.0000322)
(   3.9783435   13.7900600   -0.0000323)
(   3.9780309   13.7897005   -0.0000323)
(   3.9777179   13.7893419   -0.0000323)
(   3.9774051   13.7889824   -0.0000324)
(   3.9770925   13.7886229   -0.0000324)
(   3.9767795   13.7882633   -0.0000325)
(   3.9764669   13.7879047   -0.0000325)
(   3.9761548   13.7875452   -0.0000325)
(   3.9758418   13.7871866   -0.0000326)
(   3.9755292   13.7868271   -0.0000326)
(   4.1419373   13.8137102   -0.0000314)
(   4.1416287   13.8133450   -0.0000315)
(   4.1413207   13.8129807   -0.0000315)
(   4.1410117   13.8126173   -0.0000315)
(   4.1407027   13.8122530   -0.0000316)
(   4.1403937   13.8118887   -0.0000316)
(   4.1400852   13.8115234   -0.0000317)
(   4.1397767   13.8111591   -0.0000317)
(   4.1394677   13.8107948   -0.0000317)
(   4.1391587   13.8104305   -0.0000318)
(   4.1388502   13.8100653   -0.0000318)
(   4.1385417   13.8097010   -0.0000319)
(   4.1382332   13.8093367   -0.0000319)
(   4.1379242   13.8089724   -0.0000319)
(   4.1376152   13.8086081   -0.0000320)
(   4.1373067   13.8082428   -0.0000320)
(   4.1369977   13.8078785   -0.0000320)
(   4.1366892   13.8075142   -0.0000321)
(   4.1363807   13.8071499   -0.0000321)
(   4.1360712   13.8067865   -0.0000322)
(   4.1357632   13.8064213   -0.0000322)
(   4.1354547   13.8060570   -0.0000322)
(   4.1351457   13.8056927   -0.0000323)
(   4.1348372   13.8053284   -0.0000323)
(   4.1345277   13.8049641   -0.0000324)
(   4.1342192   13.8045988   -0.0000324)
(   4.1339107   13.8042345   -0.0000324)
(   4.1336017   13.8038702   -0.0000325)
(   4.1332932   13.8035059   -0.0000325)
(   4.1329842   13.8031416   -0.0000325)
(   4.2992067   13.8301725   -0.0000314)
(   4.2989020   13.8298025   -0.0000314)
(   4.2985973   13.8294325   -0.0000315)
(   4.2982926   13.8290625   -0.0000315)
(   4.2979884   13.8286924   -0.0000315)
(   4.2976837   13.8283234   -0.0000316)
(   4.2973785   13.8279543   -0.0000316)
(   4.2970738   13.8275843   -0.0000316)
(   4.2967691   13.8272142   -0.0000317)
(   4.2964644   13.8268452   -0.0000317)
(   4.2961597   13.8264751   -0.0000318)
(   4.2958546   13.8261051   -0.0000318)
(   4.2955494   13.8257351   -0.0000318)
(   4.2952452   13.8253651   -0.0000319)
(   4.2949405   13.8249960   -0.0000319)
(   4.2946358   13.8246260   -0.0000320)
(   4.2943311   13.8242559   -0.0000320)
(   4.2940264   13.8238859   -0.0000320)
(   4.2937212   13.8235168   -0.0000321)
(   4.2934165   13.8231468   -0.0000321)
(   4.2931118   13.8227768   -0.0000321)
(   4.2928071   13.8224068   -0.0000322)
(   4.2925029   13.8220367   -0.0000322)
(   4.2921982   13.8216667   -0.0000323)
(   4.2918930   13.8212976   -0.0000323)
(   4.2915883   13.8209286   -0.0000323)
(   4.2912836   13.8205585   -0.0000324)
(   4.2909789   13.8201885   -0.0000324)
(   4.2906742   13.8198185   -0.0000325)
(   4.2903695   13.8194494   -0.0000325)
(   4.4562268   13.8466091   -0.0000313)
(   4.4559259   13.8462334   -0.0000314)
(   4.4556251   13.8458586   -0.0000314)
(   4.4553242   13.8454838   -0.0000314)
(   4.4550233   13.8451080   -0.0000315)
(   4.4547229   13.8447332   -0.0000315)
(   4.4544220   13.8443575   -0.0000316)
(   4.4541216   13.8439827   -0.0000316)
(   4.4538212   13.8436069   -0.0000316)
(   4.4535203   13.8432331   -0.0000317)
(   4.4532194   13.8428574   -0.0000317)
(   4.4529185   13.8424816   -0.0000317)
(   4.4526176   13.8421068   -0.0000318)
(   4.4523168   13.8417311   -0.0000318)
(   4.4520164   13.8413572   -0.0000319)
(   4.4517155   13.8409824   -0.0000319)
(   4.4514146   13.8406076   -0.0000319)
(   4.4511142   13.8402319   -0.0000320)
(   4.4508133   13.8398561   -0.0000320)
(   4.4505124   13.8394814   -0.0000321)
(   4.4502115   13.8391056   -0.0000321)
(   4.4499106   13.8387318   -0.0000321)
(   4.4496098   13.8383560   -0.0000322)
(   4.4493089   13.8379812   -0.0000322)
(   4.4490085   13.8376055   -0.0000322)
(   4.4487076   13.8372297   -0.0000323)
(   4.4484067   13.8368549   -0.0000323)
(   4.4481063   13.8364792   -0.0000324)
(   4.4478054   13.8361053   -0.0000324)
(   4.4475045   13.8357296   -0.0000324)
(   4.6130781   13.8630276   -0.0000313)
(   4.6127815   13.8626471   -0.0000313)
(   4.6124845   13.8622675   -0.0000313)
(   4.6121874   13.8618870   -0.0000314)
(   4.6118908   13.8615065   -0.0000314)
(   4.6115947   13.8611259   -0.0000315)
(   4.6112976   13.8607454   -0.0000315)
(   4.6110005   13.8603649   -0.0000315)
(   4.6107039   13.8599844   -0.0000316)
(   4.6104074   13.8596039   -0.0000316)
(   4.6101103   13.8592234   -0.0000317)
(   4.6098132   13.8588428   -0.0000317)
(   4.6095161   13.8584623   -0.0000317)
(   4.6092200   13.8580818   -0.0000318)
(   4.6089230   13.8577013   -0.0000318)
(   4.6086264   13.8573208   -0.0000318)
(   4.6083298   13.8569403   -0.0000319)
(   4.6080332   13.8565598   -0.0000319)
(   4.6077361   13.8561792   -0.0000320)
(   4.6074390   13.8557997   -0.0000320)
(   4.6071424   13.8554192   -0.0000320)
(   4.6068459   13.8550386   -0.0000321)
(   4.6065488   13.8546581   -0.0000321)
(   4.6062517   13.8542767   -0.0000322)
(   4.6059551   13.8538971   -0.0000322)
(   4.6056590   13.8535166   -0.0000322)
(   4.6053619   13.8531361   -0.0000323)
(   4.6050649   13.8527555   -0.0000323)
(   4.6047683   13.8523750   -0.0000323)
(   4.6044717   13.8519945   -0.0000324)
)
;

// ************************************************************************* //
