      900
(
  76316.1406    
  76316.1719    
  76316.2031    
  76316.2344    
  76316.2578    
  76316.2891    
  76316.3125    
  76316.3438    
  76316.3750    
  76316.3984    
  76316.4297    
  76316.4609    
  76316.4922    
  76316.5156    
  76316.5391    
  76316.5703    
  76316.6016    
  76316.6328    
  76316.6641    
  76316.6875    
  76316.7109    
  76316.7422    
  76316.7734    
  76316.8047    
  76316.8281    
  76316.8594    
  76316.8828    
  76316.9141    
  76316.9453    
  76316.9688    
  76183.5312    
  76183.5625    
  76183.5859    
  76183.6172    
  76183.6484    
  76183.6797    
  76183.7031    
  76183.7344    
  76183.7578    
  76183.7891    
  76183.8203    
  76183.8438    
  76183.8750    
  76183.9062    
  76183.9297    
  76183.9609    
  76183.9844    
  76184.0156    
  76184.0469    
  76184.0781    
  76184.1016    
  76184.1250    
  76184.1562    
  76184.1875    
  76184.2188    
  76184.2422    
  76184.2656    
  76184.2969    
  76184.3281    
  76184.3594    
  76055.3672    
  76055.3984    
  76055.4297    
  76055.4531    
  76055.4844    
  76055.5156    
  76055.5391    
  76055.5703    
  76055.5938    
  76055.6250    
  76055.6562    
  76055.6875    
  76055.7109    
  76055.7344    
  76055.7656    
  76055.7969    
  76055.8281    
  76055.8594    
  76055.8828    
  76055.9062    
  76055.9375    
  76055.9688    
  76056.0000    
  76056.0234    
  76056.0469    
  76056.0781    
  76056.1094    
  76056.1406    
  76056.1641    
  76056.1953    
  75931.1172    
  75931.1406    
  75931.1719    
  75931.2031    
  75931.2344    
  75931.2578    
  75931.2891    
  75931.3125    
  75931.3438    
  75931.3750    
  75931.3984    
  75931.4297    
  75931.4609    
  75931.4844    
  75931.5156    
  75931.5391    
  75931.5703    
  75931.6016    
  75931.6328    
  75931.6562    
  75931.6797    
  75931.7109    
  75931.7422    
  75931.7734    
  75931.7969    
  75931.8281    
  75931.8516    
  75931.8828    
  75931.9141    
  75931.9453    
  75818.2422    
  75818.2656    
  75818.2891    
  75818.3203    
  75818.3516    
  75818.3828    
  75818.4062    
  75818.4297    
  75818.4609    
  75818.4922    
  75818.5234    
  75818.5469    
  75818.5703    
  75818.6016    
  75818.6328    
  75818.6641    
  75818.6953    
  75818.7188    
  75818.7422    
  75818.7734    
  75818.8047    
  75818.8359    
  75818.8594    
  75818.8828    
  75818.9141    
  75818.9453    
  75818.9766    
  75819.0000    
  75819.0312    
  75819.0547    
  75678.7891    
  75678.8203    
  75678.8516    
  75678.8828    
  75678.9062    
  75678.9297    
  75678.9609    
  75678.9922    
  75679.0156    
  75679.0469    
  75679.0781    
  75679.1016    
  75679.1328    
  75679.1562    
  75679.1875    
  75679.2188    
  75679.2422    
  75679.2734    
  75679.2969    
  75679.3281    
  75679.3594    
  75679.3828    
  75679.4062    
  75679.4375    
  75679.4688    
  75679.5000    
  75679.5234    
  75679.5469    
  75679.5781    
  75679.6094    
  75544.1719    
  75544.1953    
  75544.2266    
  75544.2578    
  75544.2891    
  75544.3125    
  75544.3359    
  75544.3672    
  75544.3984    
  75544.4297    
  75544.4531    
  75544.4766    
  75544.5078    
  75544.5391    
  75544.5703    
  75544.6016    
  75544.6250    
  75544.6484    
  75544.6797    
  75544.7109    
  75544.7422    
  75544.7656    
  75544.7891    
  75544.8203    
  75544.8516    
  75544.8828    
  75544.9062    
  75544.9297    
  75544.9609    
  75544.9922    
  75412.1016    
  75412.1250    
  75412.1562    
  75412.1797    
  75412.2109    
  75412.2422    
  75412.2656    
  75412.2969    
  75412.3281    
  75412.3516    
  75412.3750    
  75412.4062    
  75412.4375    
  75412.4688    
  75412.4922    
  75412.5156    
  75412.5469    
  75412.5781    
  75412.6094    
  75412.6328    
  75412.6562    
  75412.6875    
  75412.7188    
  75412.7500    
  75412.7734    
  75412.7969    
  75412.8281    
  75412.8594    
  75412.8906    
  75412.9141    
  75267.6406    
  75267.6641    
  75267.6953    
  75267.7266    
  75267.7578    
  75267.7812    
  75267.8047    
  75267.8359    
  75267.8672    
  75267.8984    
  75267.9219    
  75267.9453    
  75267.9766    
  75268.0078    
  75268.0312    
  75268.0625    
  75268.0859    
  75268.1172    
  75268.1406    
  75268.1719    
  75268.2031    
  75268.2266    
  75268.2578    
  75268.2812    
  75268.3125    
  75268.3438    
  75268.3750    
  75268.3984    
  75268.4219    
  75268.4531    
  75123.1172    
  75123.1484    
  75123.1797    
  75123.2031    
  75123.2344    
  75123.2578    
  75123.2891    
  75123.3125    
  75123.3438    
  75123.3750    
  75123.3984    
  75123.4297    
  75123.4531    
  75123.4844    
  75123.5156    
  75123.5469    
  75123.5703    
  75123.5938    
  75123.6250    
  75123.6562    
  75123.6797    
  75123.7109    
  75123.7344    
  75123.7656    
  75123.7969    
  75123.8203    
  75123.8516    
  75123.8750    
  75123.9062    
  75123.9297    
  74995.2969    
  74995.3203    
  74995.3516    
  74995.3828    
  74995.4141    
  74995.4375    
  74995.4609    
  74995.4922    
  74995.5234    
  74995.5547    
  74995.5781    
  74995.6016    
  74995.6328    
  74995.6641    
  74995.6875    
  74995.7188    
  74995.7500    
  74995.7734    
  74995.7969    
  74995.8281    
  74995.8594    
  74995.8906    
  74995.9141    
  74995.9375    
  74995.9688    
  74996.0000    
  74996.0312    
  74996.0547    
  74996.0781    
  74996.1094    
  74867.2656    
  74867.2969    
  74867.3281    
  74867.3516    
  74867.3828    
  74867.4062    
  74867.4375    
  74867.4609    
  74867.4922    
  74867.5234    
  74867.5469    
  74867.5703    
  74867.6016    
  74867.6328    
  74867.6641    
  74867.6875    
  74867.7109    
  74867.7422    
  74867.7734    
  74867.7969    
  74867.8281    
  74867.8594    
  74867.8828    
  74867.9062    
  74867.9375    
  74867.9688    
  74868.0000    
  74868.0234    
  74868.0469    
  74868.0781    
  74736.2656    
  74736.2891    
  74736.3203    
  74736.3516    
  74736.3828    
  74736.4062    
  74736.4375    
  74736.4609    
  74736.4922    
  74736.5156    
  74736.5469    
  74736.5781    
  74736.6016    
  74736.6250    
  74736.6562    
  74736.6875    
  74736.7188    
  74736.7422    
  74736.7656    
  74736.7969    
  74736.8281    
  74736.8516    
  74736.8828    
  74736.9062    
  74736.9375    
  74736.9609    
  74736.9922    
  74737.0234    
  74737.0547    
  74737.0781    
  74605.2656    
  74605.2969    
  74605.3203    
  74605.3438    
  74605.3750    
  74605.3984    
  74605.4297    
  74605.4609    
  74605.4844    
  74605.5078    
  74605.5391    
  74605.5703    
  74605.6016    
  74605.6250    
  74605.6562    
  74605.6797    
  74605.7109    
  74605.7344    
  74605.7656    
  74605.7969    
  74605.8203    
  74605.8438    
  74605.8750    
  74605.9062    
  74605.9375    
  74605.9609    
  74605.9844    
  74606.0156    
  74606.0469    
  74606.0703    
  74477.4531    
  74477.4844    
  74477.5078    
  74477.5391    
  74477.5703    
  74477.5938    
  74477.6172    
  74477.6484    
  74477.6797    
  74477.7031    
  74477.7344    
  74477.7656    
  74477.7891    
  74477.8125    
  74477.8438    
  74477.8750    
  74477.9062    
  74477.9297    
  74477.9531    
  74477.9844    
  74478.0078    
  74478.0391    
  74478.0703    
  74478.0938    
  74478.1172    
  74478.1484    
  74478.1797    
  74478.2109    
  74478.2344    
  74478.2578    
  74349.8672    
  74349.8906    
  74349.9219    
  74349.9531    
  74349.9766    
  74350.0078    
  74350.0391    
  74350.0625    
  74350.0859    
  74350.1172    
  74350.1484    
  74350.1719    
  74350.2031    
  74350.2266    
  74350.2578    
  74350.2812    
  74350.3125    
  74350.3438    
  74350.3672    
  74350.3906    
  74350.4219    
  74350.4531    
  74350.4766    
  74350.5078    
  74350.5312    
  74350.5625    
  74350.5859    
  74350.6172    
  74350.6484    
  74350.6719    
  74221.3125    
  74221.3359    
  74221.3672    
  74221.3906    
  74221.4219    
  74221.4531    
  74221.4844    
  74221.5078    
  74221.5312    
  74221.5625    
  74221.5859    
  74221.6172    
  74221.6484    
  74221.6719    
  74221.6953    
  74221.7266    
  74221.7578    
  74221.7812    
  74221.8125    
  74221.8359    
  74221.8672    
  74221.8906    
  74221.9219    
  74221.9531    
  74221.9766    
  74222.0000    
  74222.0312    
  74222.0625    
  74222.0859    
  74222.1172    
  74092.2891    
  74092.3203    
  74092.3516    
  74092.3750    
  74092.4062    
  74092.4297    
  74092.4531    
  74092.4844    
  74092.5156    
  74092.5469    
  74092.5703    
  74092.5938    
  74092.6250    
  74092.6484    
  74092.6797    
  74092.7109    
  74092.7344    
  74092.7578    
  74092.7891    
  74092.8203    
  74092.8438    
  74092.8750    
  74092.9062    
  74092.9297    
  74092.9531    
  74092.9844    
  74093.0156    
  74093.0391    
  74093.0703    
  74093.0938    
  73962.4297    
  73962.4531    
  73962.4844    
  73962.5156    
  73962.5391    
  73962.5703    
  73962.5938    
  73962.6172    
  73962.6484    
  73962.6797    
  73962.7031    
  73962.7344    
  73962.7656    
  73962.7891    
  73962.8125    
  73962.8438    
  73962.8750    
  73962.8984    
  73962.9297    
  73962.9531    
  73962.9766    
  73963.0078    
  73963.0391    
  73963.0625    
  73963.0938    
  73963.1172    
  73963.1406    
  73963.1719    
  73963.2031    
  73963.2266    
  73831.8359    
  73831.8594    
  73831.8828    
  73831.9141    
  73831.9453    
  73831.9688    
  73832.0000    
  73832.0312    
  73832.0547    
  73832.0781    
  73832.1094    
  73832.1328    
  73832.1641    
  73832.1953    
  73832.2188    
  73832.2422    
  73832.2734    
  73832.3047    
  73832.3281    
  73832.3594    
  73832.3828    
  73832.4062    
  73832.4375    
  73832.4688    
  73832.4922    
  73832.5234    
  73832.5469    
  73832.5703    
  73832.6016    
  73832.6328    
  73702.5938    
  73702.6172    
  73702.6484    
  73702.6797    
  73702.7031    
  73702.7344    
  73702.7656    
  73702.7891    
  73702.8125    
  73702.8438    
  73702.8672    
  73702.8984    
  73702.9297    
  73702.9531    
  73702.9766    
  73703.0078    
  73703.0312    
  73703.0625    
  73703.0938    
  73703.1172    
  73703.1406    
  73703.1719    
  73703.1953    
  73703.2266    
  73703.2578    
  73703.2812    
  73703.3047    
  73703.3359    
  73703.3594    
  73703.3906    
  73575.4453    
  73575.4766    
  73575.5000    
  73575.5312    
  73575.5547    
  73575.5781    
  73575.6094    
  73575.6406    
  73575.6641    
  73575.6953    
  73575.7188    
  73575.7500    
  73575.7734    
  73575.7969    
  73575.8281    
  73575.8594    
  73575.8828    
  73575.9141    
  73575.9375    
  73575.9609    
  73575.9922    
  73576.0234    
  73576.0469    
  73576.0781    
  73576.1016    
  73576.1250    
  73576.1562    
  73576.1875    
  73576.2109    
  73576.2422    
  73447.9141    
  73447.9453    
  73447.9688    
  73448.0000    
  73448.0234    
  73448.0469    
  73448.0781    
  73448.1094    
  73448.1328    
  73448.1641    
  73448.1875    
  73448.2109    
  73448.2422    
  73448.2656    
  73448.2969    
  73448.3281    
  73448.3516    
  73448.3750    
  73448.4062    
  73448.4297    
  73448.4609    
  73448.4922    
  73448.5156    
  73448.5469    
  73448.5703    
  73448.5938    
  73448.6250    
  73448.6484    
  73448.6797    
  73448.7109    
  73317.6328    
  73317.6641    
  73317.6875    
  73317.7109    
  73317.7422    
  73317.7734    
  73317.7969    
  73317.8281    
  73317.8516    
  73317.8828    
  73317.9062    
  73317.9297    
  73317.9609    
  73317.9922    
  73318.0156    
  73318.0469    
  73318.0703    
  73318.0938    
  73318.1250    
  73318.1484    
  73318.1797    
  73318.2109    
  73318.2344    
  73318.2578    
  73318.2812    
  73318.3125    
  73318.3438    
  73318.3672    
  73318.3984    
  73318.4219    
  73187.3594    
  73187.3828    
  73187.4062    
  73187.4375    
  73187.4609    
  73187.4922    
  73187.5156    
  73187.5469    
  73187.5703    
  73187.5938    
  73187.6250    
  73187.6562    
  73187.6797    
  73187.7109    
  73187.7344    
  73187.7656    
  73187.7891    
  73187.8125    
  73187.8438    
  73187.8672    
  73187.8984    
  73187.9297    
  73187.9531    
  73187.9766    
  73188.0078    
  73188.0312    
  73188.0625    
  73188.0859    
  73188.1172    
  73188.1406    
  73060.3906    
  73060.4141    
  73060.4375    
  73060.4609    
  73060.4922    
  73060.5234    
  73060.5469    
  73060.5781    
  73060.6016    
  73060.6250    
  73060.6562    
  73060.6797    
  73060.7109    
  73060.7422    
  73060.7656    
  73060.7969    
  73060.8203    
  73060.8438    
  73060.8750    
  73060.8984    
  73060.9297    
  73060.9531    
  73060.9844    
  73061.0078    
  73061.0312    
  73061.0625    
  73061.0859    
  73061.1172    
  73061.1484    
  73061.1719    
  72933.5391    
  72933.5625    
  72933.5938    
  72933.6172    
  72933.6406    
  72933.6719    
  72933.6953    
  72933.7266    
  72933.7500    
  72933.7812    
  72933.8047    
  72933.8281    
  72933.8594    
  72933.8828    
  72933.9141    
  72933.9453    
  72933.9688    
  72933.9922    
  72934.0156    
  72934.0469    
  72934.0781    
  72934.1016    
  72934.1328    
  72934.1562    
  72934.1797    
  72934.2109    
  72934.2344    
  72934.2656    
  72934.2891    
  72934.3203    
  72805.6875    
  72805.7109    
  72805.7422    
  72805.7656    
  72805.7969    
  72805.8203    
  72805.8438    
  72805.8750    
  72805.8984    
  72805.9297    
  72805.9531    
  72805.9844    
  72806.0078    
  72806.0312    
  72806.0625    
  72806.0859    
  72806.1172    
  72806.1484    
  72806.1719    
  72806.1953    
  72806.2188    
  72806.2500    
  72806.2734    
  72806.3047    
  72806.3359    
  72806.3594    
  72806.3828    
  72806.4062    
  72806.4375    
  72806.4688    
  72677.3750    
  72677.3984    
  72677.4297    
  72677.4531    
  72677.4766    
  72677.5078    
  72677.5312    
  72677.5625    
  72677.5859    
  72677.6172    
  72677.6406    
  72677.6641    
  72677.6953    
  72677.7188    
  72677.7500    
  72677.7734    
  72677.8047    
  72677.8281    
  72677.8516    
  72677.8828    
  72677.9062    
  72677.9375    
  72677.9609    
  72677.9922    
  72678.0156    
  72678.0469    
  72678.0703    
  72678.0938    
  72678.1250    
  72678.1484    
  72549.1797    
  72549.2031    
  72549.2266    
  72549.2500    
  72549.2812    
  72549.3047    
  72549.3359    
  72549.3672    
  72549.3906    
  72549.4219    
  72549.4453    
  72549.4688    
  72549.4922    
  72549.5234    
  72549.5469    
  72549.5781    
  72549.6094    
  72549.6328    
  72549.6562    
  72549.6797    
  72549.7109    
  72549.7344    
  72549.7656    
  72549.7891    
  72549.8203    
  72549.8438    
  72549.8672    
  72549.8984    
  72549.9219    
  72549.9531    
)
;


// ************************************************************************* //
