      900
(
  285.787842    
  285.787781    
  285.787689    
  285.787598    
  285.787506    
  285.787415    
  285.787354    
  285.787262    
  285.787170    
  285.787079    
  285.786987    
  285.786926    
  285.786835    
  285.786743    
  285.786652    
  285.786560    
  285.786499    
  285.786407    
  285.786316    
  285.786224    
  285.786133    
  285.786072    
  285.785980    
  285.785889    
  285.785797    
  285.785706    
  285.785645    
  285.785553    
  285.785461    
  285.785370    
  285.825745    
  285.825653    
  285.825562    
  285.825470    
  285.825378    
  285.825317    
  285.825226    
  285.825134    
  285.825043    
  285.824951    
  285.824860    
  285.824768    
  285.824707    
  285.824615    
  285.824524    
  285.824432    
  285.824341    
  285.824249    
  285.824158    
  285.824097    
  285.824005    
  285.823914    
  285.823822    
  285.823730    
  285.823639    
  285.823547    
  285.823486    
  285.823395    
  285.823303    
  285.823212    
  285.952759    
  285.952667    
  285.952576    
  285.952484    
  285.952393    
  285.952301    
  285.952209    
  285.952118    
  285.952026    
  285.951935    
  285.951813    
  285.951721    
  285.951630    
  285.951538    
  285.951447    
  285.951355    
  285.951263    
  285.951172    
  285.951080    
  285.950989    
  285.950897    
  285.950806    
  285.950714    
  285.950623    
  285.950531    
  285.950439    
  285.950348    
  285.950226    
  285.950134    
  285.950043    
  286.079803    
  286.079712    
  286.079620    
  286.079498    
  286.079407    
  286.079315    
  286.079224    
  286.079102    
  286.079010    
  286.078918    
  286.078796    
  286.078705    
  286.078613    
  286.078522    
  286.078400    
  286.078308    
  286.078217    
  286.078125    
  286.078003    
  286.077911    
  286.077820    
  286.077728    
  286.077606    
  286.077515    
  286.077423    
  286.077301    
  286.077209    
  286.077118    
  286.077026    
  286.076904    
  286.206848    
  286.206757    
  286.206635    
  286.206543    
  286.206421    
  286.206329    
  286.206238    
  286.206116    
  286.206024    
  286.205902    
  286.205811    
  286.205688    
  286.205597    
  286.205475    
  286.205383    
  286.205261    
  286.205170    
  286.205048    
  286.204956    
  286.204834    
  286.204742    
  286.204651    
  286.204529    
  286.204437    
  286.204315    
  286.204224    
  286.204102    
  286.204010    
  286.203888    
  286.203796    
  286.333923    
  286.333801    
  286.333679    
  286.333588    
  286.333466    
  286.333344    
  286.333252    
  286.333130    
  286.333008    
  286.332916    
  286.332794    
  286.332672    
  286.332581    
  286.332458    
  286.332336    
  286.332245    
  286.332123    
  286.332001    
  286.331909    
  286.331787    
  286.331665    
  286.331573    
  286.331451    
  286.331329    
  286.331238    
  286.331116    
  286.330994    
  286.330902    
  286.330780    
  286.330658    
  286.460968    
  286.460846    
  286.460754    
  286.460632    
  286.460510    
  286.460388    
  286.460266    
  286.460144    
  286.460022    
  286.459900    
  286.459808    
  286.459686    
  286.459564    
  286.459442    
  286.459320    
  286.459198    
  286.459076    
  286.458954    
  286.458862    
  286.458740    
  286.458618    
  286.458496    
  286.458374    
  286.458252    
  286.458130    
  286.458008    
  286.457916    
  286.457794    
  286.457672    
  286.457550    
  286.588043    
  286.587921    
  286.587799    
  286.587677    
  286.587555    
  286.587433    
  286.587311    
  286.587158    
  286.587036    
  286.586914    
  286.586792    
  286.586670    
  286.586548    
  286.586426    
  286.586304    
  286.586182    
  286.586060    
  286.585938    
  286.585815    
  286.585693    
  286.585541    
  286.585419    
  286.585297    
  286.585175    
  286.585052    
  286.584930    
  286.584808    
  286.584686    
  286.584564    
  286.584442    
  286.715118    
  286.714996    
  286.714874    
  286.714752    
  286.714600    
  286.714478    
  286.714355    
  286.714233    
  286.714081    
  286.713959    
  286.713837    
  286.713684    
  286.713562    
  286.713440    
  286.713318    
  286.713165    
  286.713043    
  286.712921    
  286.712769    
  286.712646    
  286.712524    
  286.712402    
  286.712250    
  286.712128    
  286.712006    
  286.711853    
  286.711731    
  286.711609    
  286.711487    
  286.711334    
  286.842255    
  286.842102    
  286.841980    
  286.841827    
  286.841705    
  286.841553    
  286.841431    
  286.841278    
  286.841156    
  286.841003    
  286.840881    
  286.840759    
  286.840607    
  286.840485    
  286.840332    
  286.840210    
  286.840057    
  286.839935    
  286.839783    
  286.839661    
  286.839508    
  286.839386    
  286.839233    
  286.839111    
  286.838959    
  286.838837    
  286.838684    
  286.838562    
  286.838409    
  286.838287    
  286.969391    
  286.969269    
  286.969116    
  286.968964    
  286.968842    
  286.968689    
  286.968536    
  286.968414    
  286.968262    
  286.968109    
  286.967957    
  286.967834    
  286.967682    
  286.967529    
  286.967407    
  286.967255    
  286.967102    
  286.966980    
  286.966827    
  286.966675    
  286.966553    
  286.966400    
  286.966248    
  286.966125    
  286.965973    
  286.965820    
  286.965698    
  286.965546    
  286.965393    
  286.965240    
  287.096527    
  287.096405    
  287.096252    
  287.096100    
  287.095947    
  287.095795    
  287.095642    
  287.095490    
  287.095337    
  287.095184    
  287.095062    
  287.094910    
  287.094757    
  287.094604    
  287.094452    
  287.094299    
  287.094147    
  287.093994    
  287.093842    
  287.093719    
  287.093567    
  287.093414    
  287.093262    
  287.093109    
  287.092957    
  287.092804    
  287.092651    
  287.092499    
  287.092377    
  287.092224    
  287.223694    
  287.223541    
  287.223389    
  287.223236    
  287.223083    
  287.222931    
  287.222778    
  287.222626    
  287.222443    
  287.222290    
  287.222137    
  287.221985    
  287.221832    
  287.221680    
  287.221527    
  287.221375    
  287.221222    
  287.221069    
  287.220886    
  287.220734    
  287.220581    
  287.220428    
  287.220276    
  287.220123    
  287.219971    
  287.219818    
  287.219666    
  287.219513    
  287.219360    
  287.219177    
  287.350891    
  287.350739    
  287.350586    
  287.350403    
  287.350250    
  287.350098    
  287.349915    
  287.349762    
  287.349609    
  287.349457    
  287.349274    
  287.349121    
  287.348969    
  287.348785    
  287.348633    
  287.348480    
  287.348328    
  287.348145    
  287.347992    
  287.347839    
  287.347656    
  287.347504    
  287.347351    
  287.347198    
  287.347015    
  287.346863    
  287.346710    
  287.346527    
  287.346375    
  287.346222    
  287.478088    
  287.477936    
  287.477753    
  287.477600    
  287.477417    
  287.477264    
  287.477081    
  287.476929    
  287.476746    
  287.476593    
  287.476410    
  287.476257    
  287.476074    
  287.475922    
  287.475739    
  287.475586    
  287.475403    
  287.475250    
  287.475067    
  287.474915    
  287.474731    
  287.474579    
  287.474396    
  287.474243    
  287.474060    
  287.473907    
  287.473724    
  287.473572    
  287.473389    
  287.473236    
  287.605377    
  287.605194    
  287.605011    
  287.604858    
  287.604675    
  287.604492    
  287.604309    
  287.604156    
  287.603973    
  287.603790    
  287.603638    
  287.603455    
  287.603271    
  287.603119    
  287.602936    
  287.602753    
  287.602570    
  287.602417    
  287.602234    
  287.602051    
  287.601898    
  287.601715    
  287.601532    
  287.601379    
  287.601196    
  287.601013    
  287.600830    
  287.600677    
  287.600494    
  287.600311    
  287.732605    
  287.732422    
  287.732239    
  287.732056    
  287.731873    
  287.731689    
  287.731506    
  287.731323    
  287.731140    
  287.730957    
  287.730804    
  287.730621    
  287.730438    
  287.730255    
  287.730072    
  287.729889    
  287.729706    
  287.729523    
  287.729340    
  287.729156    
  287.729004    
  287.728821    
  287.728638    
  287.728455    
  287.728271    
  287.728088    
  287.727905    
  287.727722    
  287.727539    
  287.727356    
  287.859924    
  287.859741    
  287.859558    
  287.859375    
  287.859192    
  287.858978    
  287.858795    
  287.858612    
  287.858429    
  287.858246    
  287.858063    
  287.857880    
  287.857697    
  287.857513    
  287.857330    
  287.857117    
  287.856934    
  287.856750    
  287.856567    
  287.856384    
  287.856201    
  287.856018    
  287.855835    
  287.855652    
  287.855469    
  287.855255    
  287.855072    
  287.854889    
  287.854706    
  287.854523    
  287.987335    
  287.987122    
  287.986938    
  287.986755    
  287.986542    
  287.986359    
  287.986176    
  287.985962    
  287.985779    
  287.985596    
  287.985413    
  287.985199    
  287.985016    
  287.984833    
  287.984619    
  287.984436    
  287.984253    
  287.984039    
  287.983856    
  287.983673    
  287.983459    
  287.983276    
  287.983093    
  287.982880    
  287.982697    
  287.982513    
  287.982330    
  287.982117    
  287.981934    
  287.981750    
  288.123596    
  288.123383    
  288.123199    
  288.122986    
  288.122803    
  288.122589    
  288.122375    
  288.122192    
  288.121979    
  288.121796    
  288.121582    
  288.121399    
  288.121185    
  288.120972    
  288.120789    
  288.120575    
  288.120392    
  288.120178    
  288.119965    
  288.119781    
  288.119568    
  288.119385    
  288.119171    
  288.118988    
  288.118774    
  288.118561    
  288.118378    
  288.118164    
  288.117981    
  288.117767    
  288.270142    
  288.269928    
  288.269714    
  288.269501    
  288.269287    
  288.269073    
  288.268860    
  288.268646    
  288.268433    
  288.268219    
  288.268005    
  288.267822    
  288.267609    
  288.267395    
  288.267181    
  288.266968    
  288.266754    
  288.266541    
  288.266327    
  288.266113    
  288.265900    
  288.265686    
  288.265472    
  288.265259    
  288.265045    
  288.264862    
  288.264648    
  288.264435    
  288.264221    
  288.264008    
  288.417572    
  288.417328    
  288.417114    
  288.416901    
  288.416687    
  288.416473    
  288.416229    
  288.416016    
  288.415802    
  288.415588    
  288.415344    
  288.415131    
  288.414917    
  288.414703    
  288.414459    
  288.414246    
  288.414032    
  288.413818    
  288.413574    
  288.413361    
  288.413147    
  288.412933    
  288.412689    
  288.412476    
  288.412262    
  288.412048    
  288.411804    
  288.411591    
  288.411377    
  288.411163    
  288.567383    
  288.567169    
  288.566925    
  288.566711    
  288.566467    
  288.566254    
  288.566040    
  288.565796    
  288.565582    
  288.565338    
  288.565125    
  288.564880    
  288.564667    
  288.564423    
  288.564209    
  288.563995    
  288.563751    
  288.563538    
  288.563293    
  288.563080    
  288.562836    
  288.562622    
  288.562378    
  288.562164    
  288.561951    
  288.561707    
  288.561493    
  288.561249    
  288.561035    
  288.560791    
  288.717224    
  288.716980    
  288.716736    
  288.716522    
  288.716278    
  288.716034    
  288.715820    
  288.715576    
  288.715332    
  288.715118    
  288.714874    
  288.714661    
  288.714417    
  288.714172    
  288.713959    
  288.713715    
  288.713470    
  288.713257    
  288.713013    
  288.712769    
  288.712555    
  288.712311    
  288.712067    
  288.711853    
  288.711609    
  288.711365    
  288.711151    
  288.710907    
  288.710663    
  288.710449    
  288.867035    
  288.866791    
  288.866577    
  288.866333    
  288.866089    
  288.865845    
  288.865601    
  288.865356    
  288.865112    
  288.864899    
  288.864655    
  288.864410    
  288.864166    
  288.863922    
  288.863678    
  288.863434    
  288.863220    
  288.862976    
  288.862732    
  288.862488    
  288.862244    
  288.862000    
  288.861755    
  288.861542    
  288.861298    
  288.861053    
  288.860809    
  288.860565    
  288.860321    
  288.860077    
  289.016846    
  289.016602    
  289.016357    
  289.016113    
  289.015869    
  289.015625    
  289.015381    
  289.015137    
  289.014893    
  289.014648    
  289.014404    
  289.014160    
  289.013916    
  289.013672    
  289.013428    
  289.013153    
  289.012909    
  289.012665    
  289.012421    
  289.012177    
  289.011932    
  289.011688    
  289.011444    
  289.011200    
  289.010956    
  289.010712    
  289.010468    
  289.010223    
  289.009979    
  289.009735    
  289.166718    
  289.166443    
  289.166199    
  289.165955    
  289.165710    
  289.165436    
  289.165192    
  289.164948    
  289.164673    
  289.164429    
  289.164185    
  289.163940    
  289.163666    
  289.163422    
  289.163177    
  289.162933    
  289.162659    
  289.162415    
  289.162170    
  289.161926    
  289.161652    
  289.161407    
  289.161163    
  289.160919    
  289.160645    
  289.160400    
  289.160156    
  289.159912    
  289.159637    
  289.159393    
  289.316559    
  289.316284    
  289.316040    
  289.315765    
  289.315521    
  289.315247    
  289.315002    
  289.314728    
  289.314484    
  289.314209    
  289.313965    
  289.313721    
  289.313446    
  289.313202    
  289.312927    
  289.312683    
  289.312408    
  289.312164    
  289.311890    
  289.311646    
  289.311371    
  289.311127    
  289.310852    
  289.310608    
  289.310364    
  289.310089    
  289.309845    
  289.309570    
  289.309326    
  289.309052    
  289.466370    
  289.466095    
  289.465851    
  289.465576    
  289.465332    
  289.465057    
  289.464783    
  289.464539    
  289.464264    
  289.463989    
  289.463745    
  289.463470    
  289.463196    
  289.462952    
  289.462677    
  289.462402    
  289.462158    
  289.461884    
  289.461609    
  289.461365    
  289.461090    
  289.460815    
  289.460571    
  289.460297    
  289.460022    
  289.459778    
  289.459503    
  289.459229    
  289.458984    
  289.458710    
  289.616180    
  289.615936    
  289.615662    
  289.615387    
  289.615112    
  289.614838    
  289.614563    
  289.614288    
  289.614044    
  289.613770    
  289.613495    
  289.613220    
  289.612946    
  289.612671    
  289.612396    
  289.612122    
  289.611877    
  289.611603    
  289.611328    
  289.611053    
  289.610779    
  289.610504    
  289.610229    
  289.609985    
  289.609711    
  289.609436    
  289.609161    
  289.608887    
  289.608612    
  289.608337    
)
;


// ************************************************************************* //
