      900
(
(   0.7934448    9.4432640   -0.0000340)
(   0.7933594    9.4433002   -0.0000340)
(   0.7932742    9.4433365   -0.0000340)
(   0.7931888    9.4433718   -0.0000339)
(   0.7931035    9.4434080   -0.0000339)
(   0.7930182    9.4434443   -0.0000338)
(   0.7929330    9.4434795   -0.0000338)
(   0.7928477    9.4435167   -0.0000338)
(   0.7927624    9.4435520   -0.0000337)
(   0.7926770    9.4435883   -0.0000337)
(   0.7925917    9.4436245   -0.0000337)
(   0.7925065    9.4436598   -0.0000336)
(   0.7924212    9.4436970   -0.0000336)
(   0.7923358    9.4437323   -0.0000336)
(   0.7922505    9.4437675   -0.0000335)
(   0.7921653    9.4438047   -0.0000335)
(   0.7920799    9.4438400   -0.0000334)
(   0.7919946    9.4438763   -0.0000334)
(   0.7919093    9.4439125   -0.0000334)
(   0.7918240    9.4439478   -0.0000333)
(   0.7917387    9.4439840   -0.0000333)
(   0.7916535    9.4440203   -0.0000333)
(   0.7915682    9.4440565   -0.0000332)
(   0.7914828    9.4440918   -0.0000332)
(   0.7913976    9.4441280   -0.0000332)
(   0.7913122    9.4441643   -0.0000331)
(   0.7912269    9.4442005   -0.0000331)
(   0.7911416    9.4442368   -0.0000330)
(   0.7910564    9.4442720   -0.0000330)
(   0.7909710    9.4443083   -0.0000330)
(   0.8300261    9.5137711   -0.0000340)
(   0.8299397    9.5138063   -0.0000339)
(   0.8298532    9.5138426   -0.0000339)
(   0.8297667    9.5138779   -0.0000339)
(   0.8296801    9.5139132   -0.0000338)
(   0.8295938    9.5139494   -0.0000338)
(   0.8295073    9.5139847   -0.0000337)
(   0.8294208    9.5140200   -0.0000337)
(   0.8293341    9.5140562   -0.0000337)
(   0.8292477    9.5140915   -0.0000336)
(   0.8291612    9.5141268   -0.0000336)
(   0.8290746    9.5141630   -0.0000336)
(   0.8289881    9.5141983   -0.0000335)
(   0.8289018    9.5142345   -0.0000335)
(   0.8288152    9.5142698   -0.0000335)
(   0.8287286    9.5143051   -0.0000334)
(   0.8286421    9.5143414   -0.0000334)
(   0.8285556    9.5143766   -0.0000334)
(   0.8284691    9.5144119   -0.0000333)
(   0.8283826    9.5144482   -0.0000333)
(   0.8282961    9.5144825   -0.0000332)
(   0.8282096    9.5145187   -0.0000332)
(   0.8281232    9.5145540   -0.0000332)
(   0.8280366    9.5145893   -0.0000331)
(   0.8279501    9.5146255   -0.0000331)
(   0.8278636    9.5146608   -0.0000331)
(   0.8277771    9.5146961   -0.0000330)
(   0.8276906    9.5147324   -0.0000330)
(   0.8276042    9.5147676   -0.0000330)
(   0.8275176    9.5148029   -0.0000329)
(   0.9527122    9.7502337   -0.0000339)
(   0.9526216    9.7502670   -0.0000339)
(   0.9525310    9.7503014   -0.0000338)
(   0.9524405    9.7503357   -0.0000338)
(   0.9523498    9.7503700   -0.0000338)
(   0.9522592    9.7504034   -0.0000337)
(   0.9521687    9.7504377   -0.0000337)
(   0.9520780    9.7504721   -0.0000337)
(   0.9519874    9.7505064   -0.0000336)
(   0.9518968    9.7505407   -0.0000336)
(   0.9518063    9.7505751   -0.0000335)
(   0.9517156    9.7506094   -0.0000335)
(   0.9516251    9.7506428   -0.0000335)
(   0.9515345    9.7506771   -0.0000334)
(   0.9514439    9.7507114   -0.0000334)
(   0.9513532    9.7507458   -0.0000334)
(   0.9512627    9.7507801   -0.0000333)
(   0.9511720    9.7508144   -0.0000333)
(   0.9510815    9.7508488   -0.0000333)
(   0.9509909    9.7508821   -0.0000332)
(   0.9509003    9.7509165   -0.0000332)
(   0.9508096    9.7509508   -0.0000331)
(   0.9507191    9.7509851   -0.0000331)
(   0.9506285    9.7510185   -0.0000331)
(   0.9505378    9.7510538   -0.0000330)
(   0.9504473    9.7510881   -0.0000330)
(   0.9503567    9.7511215   -0.0000330)
(   0.9502661    9.7511568   -0.0000329)
(   0.9501755    9.7511902   -0.0000329)
(   0.9500849    9.7512245   -0.0000329)
(   1.0752456    9.9864006   -0.0000339)
(   1.0751510    9.9864330   -0.0000338)
(   1.0750563    9.9864655   -0.0000338)
(   1.0749615    9.9864979   -0.0000337)
(   1.0748668    9.9865303   -0.0000337)
(   1.0747721    9.9865637   -0.0000337)
(   1.0746776    9.9865971   -0.0000336)
(   1.0745828    9.9866295   -0.0000336)
(   1.0744882    9.9866619   -0.0000336)
(   1.0743935    9.9866943   -0.0000335)
(   1.0742989    9.9867277   -0.0000335)
(   1.0742040    9.9867601   -0.0000335)
(   1.0741093    9.9867935   -0.0000334)
(   1.0740148    9.9868259   -0.0000334)
(   1.0739201    9.9868593   -0.0000333)
(   1.0738254    9.9868917   -0.0000333)
(   1.0737307    9.9869242   -0.0000333)
(   1.0736361    9.9869566   -0.0000332)
(   1.0735414    9.9869900   -0.0000332)
(   1.0734465    9.9870234   -0.0000332)
(   1.0733519    9.9870558   -0.0000331)
(   1.0732573    9.9870882   -0.0000331)
(   1.0731627    9.9871206   -0.0000331)
(   1.0730680    9.9871531   -0.0000330)
(   1.0729733    9.9871874   -0.0000330)
(   1.0728786    9.9872198   -0.0000329)
(   1.0727838    9.9872522   -0.0000329)
(   1.0726892    9.9872847   -0.0000329)
(   1.0725944    9.9873180   -0.0000328)
(   1.0724999    9.9873505   -0.0000328)
(   1.1976939   10.2224035   -0.0000338)
(   1.1975954   10.2224340   -0.0000338)
(   1.1974965   10.2224655   -0.0000337)
(   1.1973978   10.2224970   -0.0000337)
(   1.1972990   10.2225285   -0.0000336)
(   1.1972002   10.2225599   -0.0000336)
(   1.1971015   10.2225914   -0.0000336)
(   1.1970026   10.2226229   -0.0000335)
(   1.1969041   10.2226543   -0.0000335)
(   1.1968052   10.2226858   -0.0000335)
(   1.1967065   10.2227163   -0.0000334)
(   1.1966077   10.2227478   -0.0000334)
(   1.1965090   10.2227793   -0.0000334)
(   1.1964102   10.2228117   -0.0000333)
(   1.1963114   10.2228432   -0.0000333)
(   1.1962128   10.2228737   -0.0000333)
(   1.1961139   10.2229052   -0.0000332)
(   1.1960152   10.2229366   -0.0000332)
(   1.1959164   10.2229681   -0.0000331)
(   1.1958177   10.2229986   -0.0000331)
(   1.1957189   10.2230301   -0.0000331)
(   1.1956201   10.2230625   -0.0000330)
(   1.1955212   10.2230940   -0.0000330)
(   1.1954225   10.2231255   -0.0000330)
(   1.1953239   10.2231560   -0.0000329)
(   1.1952250   10.2231874   -0.0000329)
(   1.1951263   10.2232189   -0.0000329)
(   1.1950275   10.2232504   -0.0000328)
(   1.1949288   10.2232828   -0.0000328)
(   1.1948299   10.2233133   -0.0000327)
(   1.3200225   10.4581766   -0.0000337)
(   1.3199196   10.4582071   -0.0000337)
(   1.3198171   10.4582367   -0.0000337)
(   1.3197141   10.4582672   -0.0000336)
(   1.3196113   10.4582968   -0.0000336)
(   1.3195084   10.4583263   -0.0000336)
(   1.3194056   10.4583569   -0.0000335)
(   1.3193027   10.4583864   -0.0000335)
(   1.3191998   10.4584169   -0.0000334)
(   1.3190970   10.4584465   -0.0000334)
(   1.3189943   10.4584761   -0.0000334)
(   1.3188914   10.4585066   -0.0000333)
(   1.3187885   10.4585361   -0.0000333)
(   1.3186857   10.4585667   -0.0000333)
(   1.3185829   10.4585962   -0.0000332)
(   1.3184801   10.4586258   -0.0000332)
(   1.3183774   10.4586573   -0.0000332)
(   1.3182745   10.4586868   -0.0000331)
(   1.3181716   10.4587173   -0.0000331)
(   1.3180687   10.4587460   -0.0000331)
(   1.3179659   10.4587755   -0.0000330)
(   1.3178630   10.4588060   -0.0000330)
(   1.3177602   10.4588356   -0.0000329)
(   1.3176575   10.4588661   -0.0000329)
(   1.3175546   10.4588957   -0.0000329)
(   1.3174518   10.4589252   -0.0000328)
(   1.3173490   10.4589558   -0.0000328)
(   1.3172462   10.4589853   -0.0000328)
(   1.3171432   10.4590158   -0.0000327)
(   1.3170404   10.4590454   -0.0000327)
(   1.4421600   10.6935787   -0.0000337)
(   1.4420532   10.6936073   -0.0000336)
(   1.4419463   10.6936359   -0.0000336)
(   1.4418395   10.6936655   -0.0000336)
(   1.4417325   10.6936941   -0.0000335)
(   1.4416256   10.6937227   -0.0000335)
(   1.4415188   10.6937513   -0.0000335)
(   1.4414117   10.6937799   -0.0000334)
(   1.4413049   10.6938086   -0.0000334)
(   1.4411981   10.6938372   -0.0000334)
(   1.4410912   10.6938658   -0.0000333)
(   1.4409842   10.6938944   -0.0000333)
(   1.4408774   10.6939230   -0.0000332)
(   1.4407705   10.6939507   -0.0000332)
(   1.4406637   10.6939793   -0.0000332)
(   1.4405568   10.6940079   -0.0000331)
(   1.4404498   10.6940365   -0.0000331)
(   1.4403430   10.6940651   -0.0000331)
(   1.4402361   10.6940937   -0.0000330)
(   1.4401292   10.6941223   -0.0000330)
(   1.4400223   10.6941509   -0.0000330)
(   1.4399154   10.6941795   -0.0000329)
(   1.4398086   10.6942081   -0.0000329)
(   1.4397018   10.6942377   -0.0000329)
(   1.4395947   10.6942663   -0.0000328)
(   1.4394879   10.6942949   -0.0000328)
(   1.4393810   10.6943235   -0.0000327)
(   1.4392741   10.6943521   -0.0000327)
(   1.4391673   10.6943808   -0.0000327)
(   1.4390604   10.6944094   -0.0000326)
(   1.5642171   10.9288254   -0.0000336)
(   1.5641060   10.9288530   -0.0000336)
(   1.5639951   10.9288797   -0.0000335)
(   1.5638841   10.9289074   -0.0000335)
(   1.5637733   10.9289351   -0.0000335)
(   1.5636623   10.9289618   -0.0000334)
(   1.5635514   10.9289894   -0.0000334)
(   1.5634406   10.9290171   -0.0000334)
(   1.5633295   10.9290428   -0.0000333)
(   1.5632186   10.9290705   -0.0000333)
(   1.5631076   10.9290981   -0.0000333)
(   1.5629967   10.9291258   -0.0000332)
(   1.5628856   10.9291525   -0.0000332)
(   1.5627749   10.9291801   -0.0000332)
(   1.5626639   10.9292078   -0.0000331)
(   1.5625529   10.9292345   -0.0000331)
(   1.5624421   10.9292622   -0.0000330)
(   1.5623311   10.9292898   -0.0000330)
(   1.5622201   10.9293165   -0.0000330)
(   1.5621092   10.9293432   -0.0000329)
(   1.5619984   10.9293709   -0.0000329)
(   1.5618874   10.9293976   -0.0000329)
(   1.5617764   10.9294252   -0.0000328)
(   1.5616654   10.9294529   -0.0000328)
(   1.5615546   10.9294806   -0.0000328)
(   1.5614436   10.9295073   -0.0000327)
(   1.5613327   10.9295349   -0.0000327)
(   1.5612218   10.9295626   -0.0000327)
(   1.5611109   10.9295893   -0.0000326)
(   1.5609999   10.9296160   -0.0000326)
(   1.6861451   11.1638222   -0.0000336)
(   1.6860301   11.1638479   -0.0000335)
(   1.6859151   11.1638746   -0.0000335)
(   1.6858003   11.1639004   -0.0000335)
(   1.6856852   11.1639261   -0.0000334)
(   1.6855702   11.1639519   -0.0000334)
(   1.6854553   11.1639776   -0.0000333)
(   1.6853403   11.1640034   -0.0000333)
(   1.6852252   11.1640301   -0.0000333)
(   1.6851102   11.1640558   -0.0000332)
(   1.6849954   11.1640816   -0.0000332)
(   1.6848805   11.1641073   -0.0000332)
(   1.6847653   11.1641331   -0.0000331)
(   1.6846504   11.1641588   -0.0000331)
(   1.6845354   11.1641855   -0.0000331)
(   1.6844203   11.1642113   -0.0000330)
(   1.6843054   11.1642361   -0.0000330)
(   1.6841905   11.1642628   -0.0000330)
(   1.6840756   11.1642885   -0.0000329)
(   1.6839606   11.1643143   -0.0000329)
(   1.6838455   11.1643410   -0.0000328)
(   1.6837305   11.1643667   -0.0000328)
(   1.6836156   11.1643915   -0.0000328)
(   1.6835008   11.1644182   -0.0000327)
(   1.6833856   11.1644440   -0.0000327)
(   1.6832707   11.1644697   -0.0000327)
(   1.6831557   11.1644964   -0.0000326)
(   1.6830406   11.1645222   -0.0000326)
(   1.6829256   11.1645470   -0.0000326)
(   1.6828108   11.1645737   -0.0000325)
(   1.8078679   11.3984241   -0.0000335)
(   1.8077489   11.3984489   -0.0000335)
(   1.8076302   11.3984737   -0.0000334)
(   1.8075112   11.3984976   -0.0000334)
(   1.8073920   11.3985224   -0.0000334)
(   1.8072730   11.3985472   -0.0000333)
(   1.8071541   11.3985720   -0.0000333)
(   1.8070351   11.3985958   -0.0000333)
(   1.8069159   11.3986206   -0.0000332)
(   1.8067969   11.3986454   -0.0000332)
(   1.8066779   11.3986702   -0.0000331)
(   1.8065590   11.3986940   -0.0000331)
(   1.8064400   11.3987188   -0.0000331)
(   1.8063208   11.3987436   -0.0000330)
(   1.8062021   11.3987684   -0.0000330)
(   1.8060830   11.3987923   -0.0000330)
(   1.8059640   11.3988171   -0.0000329)
(   1.8058448   11.3988419   -0.0000329)
(   1.8057258   11.3988667   -0.0000329)
(   1.8056068   11.3988905   -0.0000328)
(   1.8054879   11.3989153   -0.0000328)
(   1.8053687   11.3989401   -0.0000328)
(   1.8052497   11.3989649   -0.0000327)
(   1.8051307   11.3989887   -0.0000327)
(   1.8050117   11.3990135   -0.0000326)
(   1.8048928   11.3990383   -0.0000326)
(   1.8047736   11.3990631   -0.0000326)
(   1.8046548   11.3990870   -0.0000325)
(   1.8045359   11.3991117   -0.0000325)
(   1.8044169   11.3991365   -0.0000325)
(   1.9295427   11.6329346   -0.0000334)
(   1.9294196   11.6329584   -0.0000334)
(   1.9292967   11.6329813   -0.0000334)
(   1.9291737   11.6330042   -0.0000333)
(   1.9290504   11.6330280   -0.0000333)
(   1.9289274   11.6330509   -0.0000333)
(   1.9288044   11.6330738   -0.0000332)
(   1.9286814   11.6330976   -0.0000332)
(   1.9285583   11.6331205   -0.0000332)
(   1.9284351   11.6331434   -0.0000331)
(   1.9283123   11.6331673   -0.0000331)
(   1.9281894   11.6331902   -0.0000331)
(   1.9280664   11.6332130   -0.0000330)
(   1.9279431   11.6332369   -0.0000330)
(   1.9278201   11.6332598   -0.0000329)
(   1.9276971   11.6332827   -0.0000329)
(   1.9275740   11.6333065   -0.0000329)
(   1.9274511   11.6333294   -0.0000328)
(   1.9273279   11.6333523   -0.0000328)
(   1.9272048   11.6333761   -0.0000328)
(   1.9270818   11.6334000   -0.0000327)
(   1.9269590   11.6334219   -0.0000327)
(   1.9268358   11.6334457   -0.0000327)
(   1.9267128   11.6334696   -0.0000326)
(   1.9265897   11.6334915   -0.0000326)
(   1.9264667   11.6335154   -0.0000326)
(   1.9263438   11.6335392   -0.0000325)
(   1.9262205   11.6335611   -0.0000325)
(   1.9260975   11.6335850   -0.0000324)
(   1.9259745   11.6336088   -0.0000324)
(   2.0510466   11.8671198   -0.0000334)
(   2.0509195   11.8671408   -0.0000334)
(   2.0507925   11.8671637   -0.0000333)
(   2.0506659   11.8671856   -0.0000333)
(   2.0505388   11.8672075   -0.0000332)
(   2.0504115   11.8672295   -0.0000332)
(   2.0502844   11.8672504   -0.0000332)
(   2.0501573   11.8672733   -0.0000331)
(   2.0500302   11.8672953   -0.0000331)
(   2.0499034   11.8673162   -0.0000331)
(   2.0497763   11.8673391   -0.0000330)
(   2.0496490   11.8673601   -0.0000330)
(   2.0495219   11.8673820   -0.0000330)
(   2.0493948   11.8674049   -0.0000329)
(   2.0492678   11.8674259   -0.0000329)
(   2.0491409   11.8674488   -0.0000329)
(   2.0490141   11.8674698   -0.0000328)
(   2.0488870   11.8674917   -0.0000328)
(   2.0487597   11.8675146   -0.0000327)
(   2.0486326   11.8675356   -0.0000327)
(   2.0485055   11.8675566   -0.0000327)
(   2.0483785   11.8675785   -0.0000326)
(   2.0482516   11.8676004   -0.0000326)
(   2.0481246   11.8676233   -0.0000326)
(   2.0479975   11.8676443   -0.0000325)
(   2.0478702   11.8676662   -0.0000325)
(   2.0477433   11.8676882   -0.0000325)
(   2.0476162   11.8677101   -0.0000324)
(   2.0474894   11.8677320   -0.0000324)
(   2.0473623   11.8677540   -0.0000324)
(   2.1725502   12.1013041   -0.0000333)
(   2.1724191   12.1013241   -0.0000333)
(   2.1722879   12.1013460   -0.0000333)
(   2.1721568   12.1013660   -0.0000332)
(   2.1720257   12.1013870   -0.0000332)
(   2.1718948   12.1014071   -0.0000332)
(   2.1717637   12.1014280   -0.0000331)
(   2.1716325   12.1014481   -0.0000331)
(   2.1715016   12.1014690   -0.0000331)
(   2.1713707   12.1014891   -0.0000330)
(   2.1712396   12.1015100   -0.0000330)
(   2.1711082   12.1015301   -0.0000329)
(   2.1709774   12.1015511   -0.0000329)
(   2.1708462   12.1015711   -0.0000329)
(   2.1707151   12.1015921   -0.0000328)
(   2.1705840   12.1016121   -0.0000328)
(   2.1704531   12.1016331   -0.0000328)
(   2.1703219   12.1016531   -0.0000327)
(   2.1701908   12.1016741   -0.0000327)
(   2.1700597   12.1016941   -0.0000327)
(   2.1699290   12.1017151   -0.0000326)
(   2.1697979   12.1017361   -0.0000326)
(   2.1696668   12.1017570   -0.0000326)
(   2.1695356   12.1017771   -0.0000325)
(   2.1694045   12.1017981   -0.0000325)
(   2.1692734   12.1018181   -0.0000324)
(   2.1691422   12.1018391   -0.0000324)
(   2.1690111   12.1018600   -0.0000324)
(   2.1688802   12.1018801   -0.0000323)
(   2.1687491   12.1019011   -0.0000323)
(   2.2937770   12.3349495   -0.0000333)
(   2.2936423   12.3349686   -0.0000332)
(   2.2935071   12.3349876   -0.0000332)
(   2.2933722   12.3350067   -0.0000332)
(   2.2932370   12.3350267   -0.0000331)
(   2.2931018   12.3350458   -0.0000331)
(   2.2929668   12.3350639   -0.0000331)
(   2.2928317   12.3350840   -0.0000330)
(   2.2926965   12.3351030   -0.0000330)
(   2.2925615   12.3351231   -0.0000330)
(   2.2924266   12.3351412   -0.0000329)
(   2.2922914   12.3351612   -0.0000329)
(   2.2921567   12.3351803   -0.0000329)
(   2.2920215   12.3351994   -0.0000328)
(   2.2918863   12.3352184   -0.0000328)
(   2.2917514   12.3352375   -0.0000327)
(   2.2916162   12.3352575   -0.0000327)
(   2.2914810   12.3352766   -0.0000327)
(   2.2913461   12.3352966   -0.0000326)
(   2.2912109   12.3353148   -0.0000326)
(   2.2910759   12.3353348   -0.0000326)
(   2.2909408   12.3353539   -0.0000325)
(   2.2908056   12.3353729   -0.0000325)
(   2.2906709   12.3353920   -0.0000325)
(   2.2905359   12.3354111   -0.0000324)
(   2.2904007   12.3354311   -0.0000324)
(   2.2902658   12.3354502   -0.0000324)
(   2.2901306   12.3354692   -0.0000323)
(   2.2899954   12.3354883   -0.0000323)
(   2.2898605   12.3355083   -0.0000322)
(   2.4150038   12.5685940   -0.0000332)
(   2.4148645   12.5686121   -0.0000332)
(   2.4147255   12.5686302   -0.0000332)
(   2.4145865   12.5686483   -0.0000331)
(   2.4144475   12.5686655   -0.0000331)
(   2.4143085   12.5686846   -0.0000330)
(   2.4141693   12.5687017   -0.0000330)
(   2.4140306   12.5687208   -0.0000330)
(   2.4138913   12.5687380   -0.0000329)
(   2.4137521   12.5687561   -0.0000329)
(   2.4136131   12.5687742   -0.0000329)
(   2.4134741   12.5687923   -0.0000328)
(   2.4133351   12.5688095   -0.0000328)
(   2.4131958   12.5688286   -0.0000328)
(   2.4130569   12.5688457   -0.0000327)
(   2.4129179   12.5688629   -0.0000327)
(   2.4127791   12.5688820   -0.0000327)
(   2.4126399   12.5688992   -0.0000326)
(   2.4125009   12.5689182   -0.0000326)
(   2.4123616   12.5689354   -0.0000325)
(   2.4122226   12.5689535   -0.0000325)
(   2.4120836   12.5689716   -0.0000325)
(   2.4119444   12.5689898   -0.0000324)
(   2.4118054   12.5690069   -0.0000324)
(   2.4116662   12.5690260   -0.0000324)
(   2.4115276   12.5690432   -0.0000323)
(   2.4113884   12.5690613   -0.0000323)
(   2.4112494   12.5690794   -0.0000323)
(   2.4111102   12.5690975   -0.0000322)
(   2.4109709   12.5691156   -0.0000322)
(   2.5360138   12.8018265   -0.0000332)
(   2.5358706   12.8018427   -0.0000331)
(   2.5357275   12.8018589   -0.0000331)
(   2.5355844   12.8018761   -0.0000331)
(   2.5354414   12.8018923   -0.0000330)
(   2.5352983   12.8019094   -0.0000330)
(   2.5351555   12.8019266   -0.0000330)
(   2.5350125   12.8019428   -0.0000329)
(   2.5348694   12.8019590   -0.0000329)
(   2.5347261   12.8019762   -0.0000328)
(   2.5345833   12.8019934   -0.0000328)
(   2.5344400   12.8020096   -0.0000328)
(   2.5342972   12.8020258   -0.0000327)
(   2.5341542   12.8020430   -0.0000327)
(   2.5340111   12.8020592   -0.0000327)
(   2.5338681   12.8020763   -0.0000326)
(   2.5337250   12.8020935   -0.0000326)
(   2.5335822   12.8021097   -0.0000326)
(   2.5334389   12.8021259   -0.0000325)
(   2.5332961   12.8021421   -0.0000325)
(   2.5331528   12.8021603   -0.0000325)
(   2.5330100   12.8021765   -0.0000324)
(   2.5328667   12.8021927   -0.0000324)
(   2.5327237   12.8022099   -0.0000323)
(   2.5325809   12.8022261   -0.0000323)
(   2.5324376   12.8022432   -0.0000323)
(   2.5322950   12.8022594   -0.0000322)
(   2.5321517   12.8022766   -0.0000322)
(   2.5320086   12.8022928   -0.0000322)
(   2.5318656   12.8023090   -0.0000321)
(   2.6569722   13.0349617   -0.0000331)
(   2.6568253   13.0349770   -0.0000331)
(   2.6566780   13.0349922   -0.0000330)
(   2.6565311   13.0350075   -0.0000330)
(   2.6563840   13.0350237   -0.0000330)
(   2.6562369   13.0350380   -0.0000329)
(   2.6560900   13.0350533   -0.0000329)
(   2.6559429   13.0350685   -0.0000329)
(   2.6557961   13.0350847   -0.0000328)
(   2.6556492   13.0351000   -0.0000328)
(   2.6555018   13.0351152   -0.0000328)
(   2.6553550   13.0351305   -0.0000327)
(   2.6552081   13.0351458   -0.0000327)
(   2.6550608   13.0351620   -0.0000326)
(   2.6549139   13.0351772   -0.0000326)
(   2.6547670   13.0351925   -0.0000326)
(   2.6546197   13.0352077   -0.0000325)
(   2.6544731   13.0352230   -0.0000325)
(   2.6543260   13.0352392   -0.0000325)
(   2.6541789   13.0352545   -0.0000324)
(   2.6540320   13.0352697   -0.0000324)
(   2.6538849   13.0352840   -0.0000324)
(   2.6537378   13.0353003   -0.0000323)
(   2.6535909   13.0353155   -0.0000323)
(   2.6534438   13.0353308   -0.0000323)
(   2.6532967   13.0353460   -0.0000322)
(   2.6531498   13.0353613   -0.0000322)
(   2.6530030   13.0353775   -0.0000322)
(   2.6528559   13.0353928   -0.0000321)
(   2.6527088   13.0354080   -0.0000321)
(   2.7794373   13.2634859   -0.0000331)
(   2.7792847   13.2635040   -0.0000330)
(   2.7791319   13.2635221   -0.0000330)
(   2.7789795   13.2635403   -0.0000329)
(   2.7788270   13.2635584   -0.0000329)
(   2.7786746   13.2635765   -0.0000329)
(   2.7785218   13.2635946   -0.0000328)
(   2.7783697   13.2636127   -0.0000328)
(   2.7782171   13.2636309   -0.0000328)
(   2.7780643   13.2636490   -0.0000327)
(   2.7779119   13.2636671   -0.0000327)
(   2.7777593   13.2636852   -0.0000327)
(   2.7776067   13.2637033   -0.0000326)
(   2.7774541   13.2637215   -0.0000326)
(   2.7773018   13.2637396   -0.0000326)
(   2.7771490   13.2637577   -0.0000325)
(   2.7769964   13.2637768   -0.0000325)
(   2.7768443   13.2637939   -0.0000325)
(   2.7766917   13.2638121   -0.0000324)
(   2.7765391   13.2638302   -0.0000324)
(   2.7763865   13.2638483   -0.0000323)
(   2.7762339   13.2638664   -0.0000323)
(   2.7760813   13.2638845   -0.0000323)
(   2.7759287   13.2639027   -0.0000322)
(   2.7757764   13.2639208   -0.0000322)
(   2.7756236   13.2639399   -0.0000322)
(   2.7754712   13.2639580   -0.0000321)
(   2.7753189   13.2639751   -0.0000321)
(   2.7751660   13.2639933   -0.0000321)
(   2.7750137   13.2640114   -0.0000320)
(   2.9028776   13.4890471   -0.0000330)
(   2.9027185   13.4890699   -0.0000330)
(   2.9025595   13.4890938   -0.0000329)
(   2.9024005   13.4891176   -0.0000329)
(   2.9022415   13.4891405   -0.0000329)
(   2.9020824   13.4891644   -0.0000328)
(   2.9019234   13.4891872   -0.0000328)
(   2.9017642   13.4892111   -0.0000327)
(   2.9016051   13.4892349   -0.0000327)
(   2.9014461   13.4892578   -0.0000327)
(   2.9012871   13.4892817   -0.0000326)
(   2.9011278   13.4893045   -0.0000326)
(   2.9009688   13.4893284   -0.0000326)
(   2.9008098   13.4893513   -0.0000325)
(   2.9006510   13.4893751   -0.0000325)
(   2.9004917   13.4893990   -0.0000325)
(   2.9003327   13.4894218   -0.0000324)
(   2.9001737   13.4894457   -0.0000324)
(   2.9000144   13.4894686   -0.0000324)
(   2.8998554   13.4894924   -0.0000323)
(   2.8996964   13.4895163   -0.0000323)
(   2.8995373   13.4895391   -0.0000323)
(   2.8993781   13.4895630   -0.0000322)
(   2.8992193   13.4895859   -0.0000322)
(   2.8990602   13.4896097   -0.0000321)
(   2.8989012   13.4896336   -0.0000321)
(   2.8987420   13.4896564   -0.0000321)
(   2.8985829   13.4896803   -0.0000320)
(   2.8984239   13.4897032   -0.0000320)
(   2.8982649   13.4897270   -0.0000320)
(   3.0392852   13.6323481   -0.0000329)
(   3.0391200   13.6323919   -0.0000329)
(   3.0389543   13.6324348   -0.0000329)
(   3.0387888   13.6324787   -0.0000328)
(   3.0386231   13.6325226   -0.0000328)
(   3.0384576   13.6325665   -0.0000328)
(   3.0382919   13.6326103   -0.0000327)
(   3.0381267   13.6326542   -0.0000327)
(   3.0379610   13.6326981   -0.0000327)
(   3.0377955   13.6327419   -0.0000326)
(   3.0376301   13.6327848   -0.0000326)
(   3.0374644   13.6328287   -0.0000326)
(   3.0372989   13.6328726   -0.0000325)
(   3.0371332   13.6329165   -0.0000325)
(   3.0369678   13.6329603   -0.0000324)
(   3.0368021   13.6330042   -0.0000324)
(   3.0366366   13.6330481   -0.0000324)
(   3.0364709   13.6330910   -0.0000323)
(   3.0363057   13.6331348   -0.0000323)
(   3.0361402   13.6331787   -0.0000323)
(   3.0359745   13.6332226   -0.0000322)
(   3.0358090   13.6332664   -0.0000322)
(   3.0356433   13.6333103   -0.0000322)
(   3.0354779   13.6333542   -0.0000321)
(   3.0353122   13.6333981   -0.0000321)
(   3.0351467   13.6334410   -0.0000321)
(   3.0349810   13.6334848   -0.0000320)
(   3.0348158   13.6335287   -0.0000320)
(   3.0346501   13.6335726   -0.0000320)
(   3.0344844   13.6336164   -0.0000319)
(   3.1905181   13.6811447   -0.0000329)
(   3.1903458   13.6812296   -0.0000328)
(   3.1901729   13.6813145   -0.0000328)
(   3.1900003   13.6813984   -0.0000328)
(   3.1898279   13.6814833   -0.0000327)
(   3.1896553   13.6815681   -0.0000327)
(   3.1894829   13.6816521   -0.0000327)
(   3.1893103   13.6817360   -0.0000326)
(   3.1891377   13.6818209   -0.0000326)
(   3.1889651   13.6819057   -0.0000326)
(   3.1887927   13.6819906   -0.0000325)
(   3.1886201   13.6820745   -0.0000325)
(   3.1884472   13.6821594   -0.0000325)
(   3.1882749   13.6822433   -0.0000324)
(   3.1881022   13.6823282   -0.0000324)
(   3.1879301   13.6824121   -0.0000324)
(   3.1877575   13.6824970   -0.0000323)
(   3.1875846   13.6825819   -0.0000323)
(   3.1874123   13.6826668   -0.0000323)
(   3.1872396   13.6827507   -0.0000322)
(   3.1870670   13.6828356   -0.0000322)
(   3.1868947   13.6829195   -0.0000321)
(   3.1867220   13.6830044   -0.0000321)
(   3.1865494   13.6830883   -0.0000321)
(   3.1863770   13.6831732   -0.0000320)
(   3.1862044   13.6832581   -0.0000320)
(   3.1860318   13.6833429   -0.0000320)
(   3.1858594   13.6834269   -0.0000319)
(   3.1856866   13.6835108   -0.0000319)
(   3.1855140   13.6835957   -0.0000319)
(   3.3435924   13.7213516   -0.0000328)
(   3.3434150   13.7214680   -0.0000328)
(   3.3432374   13.7215834   -0.0000328)
(   3.3430598   13.7216978   -0.0000327)
(   3.3428822   13.7218142   -0.0000327)
(   3.3427048   13.7219296   -0.0000327)
(   3.3425272   13.7220440   -0.0000326)
(   3.3423495   13.7221603   -0.0000326)
(   3.3421721   13.7222757   -0.0000325)
(   3.3419945   13.7223902   -0.0000325)
(   3.3418169   13.7225065   -0.0000325)
(   3.3416393   13.7226219   -0.0000324)
(   3.3414617   13.7227364   -0.0000324)
(   3.3412843   13.7228518   -0.0000324)
(   3.3411067   13.7229671   -0.0000323)
(   3.3409293   13.7230825   -0.0000323)
(   3.3407516   13.7231979   -0.0000323)
(   3.3405740   13.7233133   -0.0000322)
(   3.3403964   13.7234287   -0.0000322)
(   3.3402188   13.7235441   -0.0000322)
(   3.3400412   13.7236595   -0.0000321)
(   3.3398638   13.7237749   -0.0000321)
(   3.3396862   13.7238903   -0.0000321)
(   3.3395088   13.7240057   -0.0000320)
(   3.3393312   13.7241211   -0.0000320)
(   3.3391535   13.7242365   -0.0000320)
(   3.3389759   13.7243528   -0.0000319)
(   3.3387983   13.7244673   -0.0000319)
(   3.3386207   13.7245827   -0.0000318)
(   3.3384433   13.7246990   -0.0000318)
(   3.5017884   13.7377424   -0.0000328)
(   3.5016108   13.7378635   -0.0000327)
(   3.5014336   13.7379827   -0.0000327)
(   3.5012565   13.7381029   -0.0000327)
(   3.5010788   13.7382231   -0.0000326)
(   3.5009019   13.7383432   -0.0000326)
(   3.5007248   13.7384634   -0.0000326)
(   3.5005472   13.7385836   -0.0000325)
(   3.5003700   13.7387028   -0.0000325)
(   3.5001926   13.7388239   -0.0000325)
(   3.5000153   13.7389441   -0.0000324)
(   3.4998381   13.7390633   -0.0000324)
(   3.4996610   13.7391834   -0.0000324)
(   3.4994836   13.7393045   -0.0000323)
(   3.4993064   13.7394238   -0.0000323)
(   3.4991291   13.7395439   -0.0000322)
(   3.4989517   13.7396641   -0.0000322)
(   3.4987745   13.7397842   -0.0000322)
(   3.4985969   13.7399044   -0.0000321)
(   3.4984198   13.7400246   -0.0000321)
(   3.4982426   13.7401438   -0.0000321)
(   3.4980652   13.7402649   -0.0000320)
(   3.4978881   13.7403851   -0.0000320)
(   3.4977107   13.7405043   -0.0000320)
(   3.4975333   13.7406244   -0.0000319)
(   3.4973562   13.7407446   -0.0000319)
(   3.4971788   13.7408648   -0.0000319)
(   3.4970014   13.7409849   -0.0000318)
(   3.4968243   13.7411051   -0.0000318)
(   3.4966469   13.7412243   -0.0000318)
(   3.6599662   13.7541323   -0.0000327)
(   3.6597891   13.7542572   -0.0000327)
(   3.6596119   13.7543812   -0.0000326)
(   3.6594348   13.7545061   -0.0000326)
(   3.6592581   13.7546310   -0.0000326)
(   3.6590812   13.7547550   -0.0000325)
(   3.6589041   13.7548800   -0.0000325)
(   3.6587272   13.7550058   -0.0000325)
(   3.6585500   13.7551298   -0.0000324)
(   3.6583729   13.7552547   -0.0000324)
(   3.6581960   13.7553797   -0.0000324)
(   3.6580191   13.7555046   -0.0000323)
(   3.6578419   13.7556286   -0.0000323)
(   3.6576650   13.7557535   -0.0000323)
(   3.6574881   13.7558794   -0.0000322)
(   3.6573110   13.7560034   -0.0000322)
(   3.6571338   13.7561283   -0.0000322)
(   3.6569567   13.7562532   -0.0000321)
(   3.6567798   13.7563772   -0.0000321)
(   3.6566029   13.7565022   -0.0000321)
(   3.6564257   13.7566271   -0.0000320)
(   3.6562488   13.7567520   -0.0000320)
(   3.6560719   13.7568769   -0.0000319)
(   3.6558948   13.7570019   -0.0000319)
(   3.6557176   13.7571259   -0.0000319)
(   3.6555407   13.7572508   -0.0000318)
(   3.6553638   13.7573757   -0.0000318)
(   3.6551867   13.7574987   -0.0000318)
(   3.6550097   13.7576237   -0.0000317)
(   3.6548326   13.7577496   -0.0000317)
(   3.8177476   13.7704802   -0.0000327)
(   3.8175707   13.7706089   -0.0000326)
(   3.8173943   13.7707386   -0.0000326)
(   3.8172174   13.7708683   -0.0000326)
(   3.8170404   13.7709970   -0.0000325)
(   3.8168640   13.7711267   -0.0000325)
(   3.8166871   13.7712564   -0.0000325)
(   3.8165107   13.7713852   -0.0000324)
(   3.8163342   13.7715149   -0.0000324)
(   3.8161573   13.7716446   -0.0000323)
(   3.8159802   13.7717733   -0.0000323)
(   3.8158038   13.7719030   -0.0000323)
(   3.8156269   13.7720318   -0.0000322)
(   3.8154500   13.7721615   -0.0000322)
(   3.8152735   13.7722902   -0.0000322)
(   3.8150966   13.7724199   -0.0000321)
(   3.8149197   13.7725496   -0.0000321)
(   3.8147433   13.7726784   -0.0000321)
(   3.8145664   13.7728081   -0.0000320)
(   3.8143899   13.7729378   -0.0000320)
(   3.8142130   13.7730665   -0.0000320)
(   3.8140361   13.7731962   -0.0000319)
(   3.8138597   13.7733259   -0.0000319)
(   3.8136826   13.7734547   -0.0000319)
(   3.8135061   13.7735844   -0.0000318)
(   3.8133297   13.7737141   -0.0000318)
(   3.8131528   13.7738428   -0.0000318)
(   3.8129759   13.7739725   -0.0000317)
(   3.8127995   13.7741022   -0.0000317)
(   3.8126225   13.7742319   -0.0000316)
(   3.9755292   13.7868271   -0.0000326)
(   3.9753525   13.7869616   -0.0000326)
(   3.9751761   13.7870960   -0.0000325)
(   3.9749994   13.7872295   -0.0000325)
(   3.9748235   13.7873640   -0.0000325)
(   3.9746468   13.7874985   -0.0000324)
(   3.9744704   13.7876320   -0.0000324)
(   3.9742939   13.7877655   -0.0000324)
(   3.9741173   13.7879000   -0.0000323)
(   3.9739408   13.7880335   -0.0000323)
(   3.9737642   13.7881680   -0.0000323)
(   3.9735878   13.7883024   -0.0000322)
(   3.9734116   13.7884359   -0.0000322)
(   3.9732356   13.7885704   -0.0000322)
(   3.9730592   13.7887049   -0.0000321)
(   3.9728825   13.7888393   -0.0000321)
(   3.9727061   13.7889729   -0.0000320)
(   3.9725294   13.7891064   -0.0000320)
(   3.9723530   13.7892408   -0.0000320)
(   3.9721770   13.7893744   -0.0000319)
(   3.9720004   13.7895088   -0.0000319)
(   3.9718239   13.7896433   -0.0000319)
(   3.9716473   13.7897768   -0.0000318)
(   3.9714708   13.7899113   -0.0000318)
(   3.9712942   13.7900457   -0.0000318)
(   3.9711177   13.7901802   -0.0000317)
(   3.9709411   13.7903128   -0.0000317)
(   3.9707651   13.7904472   -0.0000317)
(   3.9705887   13.7905817   -0.0000316)
(   3.9704120   13.7907152   -0.0000316)
(   4.1329842   13.8031416   -0.0000325)
(   4.1328082   13.8032799   -0.0000325)
(   4.1326323   13.8034191   -0.0000325)
(   4.1324558   13.8035583   -0.0000324)
(   4.1322799   13.8036966   -0.0000324)
(   4.1321039   13.8038349   -0.0000324)
(   4.1319275   13.8039742   -0.0000323)
(   4.1317515   13.8041124   -0.0000323)
(   4.1315751   13.8042517   -0.0000323)
(   4.1313992   13.8043900   -0.0000322)
(   4.1312232   13.8045292   -0.0000322)
(   4.1310463   13.8046675   -0.0000322)
(   4.1308703   13.8048067   -0.0000321)
(   4.1306944   13.8049450   -0.0000321)
(   4.1305180   13.8050833   -0.0000321)
(   4.1303420   13.8052225   -0.0000320)
(   4.1301656   13.8053617   -0.0000320)
(   4.1299901   13.8054991   -0.0000320)
(   4.1298141   13.8056383   -0.0000319)
(   4.1296377   13.8057775   -0.0000319)
(   4.1294618   13.8059168   -0.0000319)
(   4.1292853   13.8060551   -0.0000318)
(   4.1291094   13.8061934   -0.0000318)
(   4.1289330   13.8063326   -0.0000317)
(   4.1287565   13.8064709   -0.0000317)
(   4.1285806   13.8066101   -0.0000317)
(   4.1284041   13.8067474   -0.0000316)
(   4.1282282   13.8068857   -0.0000316)
(   4.1280522   13.8070250   -0.0000316)
(   4.1278758   13.8071642   -0.0000315)
(   4.2903695   13.8194494   -0.0000325)
(   4.2901931   13.8195925   -0.0000325)
(   4.2900171   13.8197355   -0.0000324)
(   4.2898417   13.8198795   -0.0000324)
(   4.2896657   13.8200226   -0.0000324)
(   4.2894902   13.8201656   -0.0000323)
(   4.2893143   13.8203096   -0.0000323)
(   4.2891388   13.8204536   -0.0000323)
(   4.2889624   13.8205957   -0.0000322)
(   4.2887864   13.8207397   -0.0000322)
(   4.2886109   13.8208828   -0.0000321)
(   4.2884350   13.8210258   -0.0000321)
(   4.2882590   13.8211699   -0.0000321)
(   4.2880831   13.8213120   -0.0000320)
(   4.2879076   13.8214550   -0.0000320)
(   4.2877312   13.8215990   -0.0000320)
(   4.2875557   13.8217421   -0.0000319)
(   4.2873797   13.8218861   -0.0000319)
(   4.2872038   13.8220282   -0.0000319)
(   4.2870278   13.8221722   -0.0000318)
(   4.2868519   13.8223162   -0.0000318)
(   4.2866769   13.8224583   -0.0000318)
(   4.2865005   13.8226023   -0.0000317)
(   4.2863250   13.8227463   -0.0000317)
(   4.2861490   13.8228893   -0.0000317)
(   4.2859731   13.8230324   -0.0000316)
(   4.2857971   13.8231754   -0.0000316)
(   4.2856212   13.8233194   -0.0000316)
(   4.2854457   13.8234625   -0.0000315)
(   4.2852693   13.8236055   -0.0000315)
(   4.4475045   13.8357296   -0.0000324)
(   4.4473290   13.8358784   -0.0000324)
(   4.4471536   13.8360252   -0.0000324)
(   4.4469776   13.8361740   -0.0000323)
(   4.4468021   13.8363218   -0.0000323)
(   4.4466267   13.8364697   -0.0000323)
(   4.4464512   13.8366175   -0.0000322)
(   4.4462757   13.8367662   -0.0000322)
(   4.4461002   13.8369141   -0.0000322)
(   4.4459252   13.8370619   -0.0000321)
(   4.4457493   13.8372097   -0.0000321)
(   4.4455738   13.8373585   -0.0000321)
(   4.4453979   13.8375053   -0.0000320)
(   4.4452229   13.8376541   -0.0000320)
(   4.4450469   13.8378019   -0.0000320)
(   4.4448714   13.8379498   -0.0000319)
(   4.4446955   13.8380976   -0.0000319)
(   4.4445205   13.8382454   -0.0000319)
(   4.4443445   13.8383942   -0.0000318)
(   4.4441690   13.8385410   -0.0000318)
(   4.4439936   13.8386898   -0.0000317)
(   4.4438181   13.8388376   -0.0000317)
(   4.4436421   13.8389864   -0.0000317)
(   4.4434667   13.8391333   -0.0000316)
(   4.4432917   13.8392820   -0.0000316)
(   4.4431162   13.8394299   -0.0000316)
(   4.4429402   13.8395777   -0.0000315)
(   4.4427648   13.8397255   -0.0000315)
(   4.4425898   13.8398743   -0.0000315)
(   4.4424138   13.8400221   -0.0000314)
(   4.6044717   13.8519945   -0.0000324)
(   4.6042962   13.8521471   -0.0000323)
(   4.6041212   13.8522997   -0.0000323)
(   4.6039457   13.8524523   -0.0000323)
(   4.6037703   13.8526049   -0.0000322)
(   4.6035953   13.8527584   -0.0000322)
(   4.6034198   13.8529100   -0.0000322)
(   4.6032443   13.8530626   -0.0000321)
(   4.6030693   13.8532162   -0.0000321)
(   4.6028943   13.8533678   -0.0000321)
(   4.6027193   13.8535204   -0.0000320)
(   4.6025443   13.8536739   -0.0000320)
(   4.6023688   13.8538265   -0.0000320)
(   4.6021938   13.8539791   -0.0000319)
(   4.6020184   13.8541317   -0.0000319)
(   4.6018429   13.8542843   -0.0000319)
(   4.6016679   13.8544369   -0.0000318)
(   4.6014924   13.8545895   -0.0000318)
(   4.6013169   13.8547421   -0.0000318)
(   4.6011419   13.8548956   -0.0000317)
(   4.6009665   13.8550472   -0.0000317)
(   4.6007915   13.8551998   -0.0000317)
(   4.6006160   13.8553534   -0.0000316)
(   4.6004410   13.8555059   -0.0000316)
(   4.6002660   13.8556576   -0.0000316)
(   4.6000910   13.8558111   -0.0000315)
(   4.5999155   13.8559628   -0.0000315)
(   4.5997405   13.8561144   -0.0000315)
(   4.5995650   13.8562679   -0.0000314)
(   4.5993896   13.8564205   -0.0000314)
)
;

// ************************************************************************* //
